0.999979 -0.004957 0.004226 -0.012043 0.004910 0.999926 0.011171 -0.128819 -0.004281 -0.011150 0.999929 -0.011651
0.999976 -0.005135 0.004648 -0.014492 0.005081 0.999921 0.011455 -0.131967 -0.004706 -0.011431 0.999924 -0.010946
0.999976 -0.005131 0.004685 -0.015183 0.005076 0.999921 0.011486 -0.131490 -0.004743 -0.011462 0.999923 -0.011269
0.999976 -0.005108 0.004731 -0.015146 0.005053 0.999921 0.011487 -0.131419 -0.004789 -0.011463 0.999923 -0.011378
0.999976 -0.005091 0.004788 -0.015881 0.005035 0.999921 0.011495 -0.131909 -0.004846 -0.011470 0.999922 -0.011343
0.999976 -0.005113 0.004755 -0.015760 0.005058 0.999922 0.011456 -0.131927 -0.004813 -0.011432 0.999923 -0.011109
0.999976 -0.005098 0.004780 -0.016495 0.005042 0.999921 0.011530 -0.131935 -0.004839 -0.011506 0.999922 -0.010822
0.999975 -0.005107 0.004836 -0.016887 0.005051 0.999920 0.011564 -0.132370 -0.004894 -0.011539 0.999921 -0.011248
0.999975 -0.005116 0.004878 -0.016479 0.005060 0.999921 0.011536 -0.132117 -0.004937 -0.011511 0.999922 -0.011486
0.999975 -0.005428 0.004637 -0.022675 0.005374 0.999918 0.011613 -0.130318 -0.004700 -0.011588 0.999922 -0.008857
0.999979 -0.003993 0.005098 -0.019709 0.003935 0.999926 0.011482 -0.126284 -0.005144 -0.011462 0.999921 -0.012049
0.999961 -0.006498 0.006005 -0.020390 0.006438 0.999928 0.010112 -0.114315 -0.006071 -0.010073 0.999931 -0.015207
0.999981 -0.003878 0.004696 0.003246 0.003844 0.999967 0.007208 -0.148269 -0.004724 -0.007189 0.999963 -0.013750
0.999991 -0.000543 0.004123 -0.010957 0.000511 0.999970 0.007699 -0.170692 -0.004127 -0.007696 0.999962 -0.011391
0.999968 0.007365 0.003106 -0.029960 -0.007385 0.999952 0.006496 -0.187621 -0.003058 -0.006519 0.999974 -0.009954
0.999885 0.014777 0.003371 -0.029956 -0.014799 0.999868 0.006675 -0.182765 -0.003271 -0.006724 0.999972 -0.012131
0.999605 0.027913 0.003205 -0.017598 -0.027931 0.999594 0.005672 -0.192355 -0.003045 -0.005760 0.999979 -0.012101
0.999225 0.039238 0.003082 -0.009557 -0.039255 0.999214 0.005589 -0.207142 -0.002860 -0.005706 0.999980 -0.014110
0.998860 0.047689 0.002239 -0.022724 -0.047700 0.998849 0.004996 -0.203228 -0.001998 -0.005097 0.999985 -0.011399
0.998376 0.056913 0.002674 -0.028916 -0.056927 0.998363 0.005620 -0.206710 -0.002350 -0.005763 0.999981 -0.011169
0.997784 0.066502 0.002173 -0.032591 -0.066512 0.997774 0.004743 -0.221020 -0.001852 -0.004877 0.999986 -0.012594
0.997092 0.076204 0.001136 -0.022817 -0.076209 0.997082 0.004465 -0.229961 -0.000793 -0.004539 0.999989 -0.008090
0.996319 0.085718 0.001120 -0.037623 -0.085722 0.996308 0.004746 -0.242334 -0.000709 -0.004825 0.999988 -0.011655
0.995225 0.097605 -0.000502 -0.043197 -0.097602 0.995215 0.004550 -0.245076 0.000943 -0.004480 0.999990 -0.007572
0.994179 0.107745 0.000059 -0.034960 -0.107744 0.994165 0.005250 -0.238414 0.000507 -0.005226 0.999986 -0.007828
0.992609 0.121351 0.000752 -0.041785 -0.121353 0.992597 0.004934 -0.269428 -0.000147 -0.004989 0.999988 -0.007170
0.990187 0.139738 -0.001549 -0.050653 -0.139727 0.990174 0.005587 -0.318818 0.002314 -0.005316 0.999983 -0.012353
0.989092 0.147295 -0.001060 -0.053789 -0.147286 0.989075 0.006163 -0.319360 0.001956 -0.005940 0.999980 -0.014385
0.988902 0.148569 -0.000086 -0.062395 -0.148567 0.988892 0.004461 -0.324160 0.000748 -0.004398 0.999990 -0.009426
0.988857 0.148865 -0.000464 -0.063263 -0.148862 0.988849 0.004091 -0.349913 0.001068 -0.003976 0.999992 -0.006175
0.988779 0.149376 0.001823 -0.087115 -0.149380 0.988776 0.002713 -0.409054 -0.001397 -0.002954 0.999995 -0.016673
0.988660 0.150132 0.003322 -0.091856 -0.150142 0.988659 0.003131 -0.447793 -0.002814 -0.003594 0.999990 -0.013867
0.988355 0.152138 0.003018 -0.098665 -0.152149 0.988351 0.003516 -0.457009 -0.002448 -0.003934 0.999989 -0.015404
0.988345 0.152171 0.004216 -0.091068 -0.152187 0.988345 0.003695 -0.474145 -0.003605 -0.004293 0.999984 -0.016047
0.988344 0.152177 0.004363 -0.104997 -0.152200 0.988333 0.005685 -0.510896 -0.003446 -0.006283 0.999974 -0.015075
0.988324 0.152281 0.005191 -0.119303 -0.152310 0.988316 0.005748 -0.541176 -0.004255 -0.006471 0.999970 -0.005624
0.988269 0.152668 0.004112 -0.117278 -0.152689 0.988259 0.005472 -0.591664 -0.003229 -0.006036 0.999977 -0.007424
0.988273 0.152673 0.002738 -0.119621 -0.152691 0.988237 0.008529 -0.603710 -0.001404 -0.008847 0.999960 -0.006933
0.988144 0.153509 0.002701 -0.130589 -0.153528 0.988099 0.009425 -0.634240 -0.001222 -0.009728 0.999952 -0.010225
0.988125 0.153625 0.002949 -0.122483 -0.153646 0.988083 0.009219 -0.668359 -0.001498 -0.009562 0.999953 -0.008000
0.988337 0.152280 0.000649 -0.139449 -0.152278 0.988282 0.010467 -0.695061 0.000953 -0.010444 0.999945 -0.007591
0.987916 0.154987 0.000843 -0.141785 -0.154987 0.987860 0.010547 -0.740521 0.000801 -0.010550 0.999944 -0.005635
0.988348 0.152211 0.000239 -0.147012 -0.152203 0.988278 0.011860 -0.761682 0.001569 -0.011758 0.999930 -0.013728
0.988056 0.154090 0.000915 -0.145432 -0.154090 0.987987 0.011750 -0.789028 0.000906 -0.011751 0.999931 -0.010142
0.988133 0.153601 0.000527 -0.155389 -0.153596 0.988057 0.012282 -0.815336 0.001365 -0.012218 0.999924 -0.013074
0.986803 0.161919 0.001424 -0.164225 -0.161924 0.986724 0.012491 -0.870414 0.000617 -0.012556 0.999921 -0.010780
0.986484 0.163858 0.000772 -0.169524 -0.163853 0.986390 0.013663 -0.893532 0.001477 -0.013605 0.999906 -0.010686
0.986357 0.164620 0.000290 -0.166577 -0.164608 0.986262 0.013844 -0.915823 0.001993 -0.013703 0.999904 -0.009473
0.986629 0.162975 0.001434 -0.184938 -0.162978 0.986522 0.014582 -0.941794 0.000961 -0.014620 0.999893 -0.011058
0.986498 0.163753 0.002592 -0.198608 -0.163773 0.986419 0.012504 -0.990686 -0.000509 -0.012759 0.999918 -0.009133
0.986145 0.165849 0.003519 -0.202492 -0.165878 0.986084 0.011056 -1.033913 -0.001636 -0.011487 0.999933 -0.010363
0.986395 0.164365 0.003044 -0.200123 -0.164386 0.986359 0.008600 -1.055404 -0.001589 -0.008984 0.999958 -0.008510
0.986300 0.164945 0.002150 -0.205928 -0.164958 0.986267 0.008173 -1.092271 -0.000772 -0.008416 0.999964 -0.007044
0.986512 0.163674 0.002076 -0.226238 -0.163686 0.986476 0.008531 -1.123739 -0.000652 -0.008756 0.999961 -0.005500
0.986386 0.164425 0.002616 -0.238003 -0.164441 0.986357 0.007670 -1.164865 -0.001319 -0.007996 0.999967 -0.010583
0.986373 0.164477 0.003900 -0.231511 -0.164502 0.986350 0.007300 -1.196345 -0.002646 -0.007842 0.999966 -0.009581
0.986721 0.162369 0.004311 -0.234357 -0.162397 0.986699 0.007255 -1.231464 -0.003076 -0.007859 0.999964 -0.009240
0.986626 0.162941 0.004373 -0.241561 -0.162967 0.986610 0.006563 -1.266692 -0.003245 -0.007188 0.999969 -0.009035
0.986489 0.163749 0.005114 -0.250786 -0.163773 0.986487 0.004745 -1.309878 -0.004268 -0.005519 0.999976 -0.008955
0.986640 0.162878 0.003477 -0.252266 -0.162895 0.986630 0.005170 -1.342382 -0.002588 -0.005668 0.999981 -0.005857
0.986812 0.161865 0.001113 -0.269541 -0.161868 0.986793 0.006132 -1.384481 -0.000105 -0.006231 0.999981 -0.004686
0.986743 0.162292 0.000496 -0.282879 -0.162292 0.986721 0.006520 -1.424176 0.000569 -0.006514 0.999979 -0.004730
0.986992 0.160768 0.000131 -0.293262 -0.160765 0.986970 0.006698 -1.456384 0.000947 -0.006632 0.999978 -0.005064
0.986803 0.161923 -0.000312 -0.292591 -0.161916 0.986777 0.007426 -1.496894 0.001511 -0.007278 0.999972 -0.007365
0.986999 0.160723 0.000463 -0.303234 -0.160721 0.986968 0.007925 -1.534415 0.000817 -0.007896 0.999968 -0.009112
0.986959 0.160957 0.002111 -0.308624 -0.160969 0.986927 0.008014 -1.575082 -0.000794 -0.008249 0.999966 -0.007703
0.986925 0.161154 0.002906 -0.315491 -0.161173 0.986895 0.007899 -1.618973 -0.001595 -0.008264 0.999965 -0.007886
0.986937 0.161074 0.003353 -0.313974 -0.161095 0.986911 0.007462 -1.655286 -0.002107 -0.007905 0.999967 -0.006691
0.987093 0.160102 0.003721 -0.327193 -0.160126 0.987070 0.007217 -1.697871 -0.002518 -0.007720 0.999967 -0.008086
0.987015 0.160580 0.003961 -0.337636 -0.160608 0.986985 0.008113 -1.735121 -0.002607 -0.008643 0.999959 -0.006473
0.987167 0.159607 0.005175 -0.339230 -0.159646 0.987140 0.008278 -1.771649 -0.003787 -0.008998 0.999952 -0.007882
0.987265 0.159005 0.004926 -0.344826 -0.159043 0.987235 0.008553 -1.806992 -0.003503 -0.009228 0.999951 -0.007147
0.987419 0.158100 0.002974 -0.342719 -0.158119 0.987386 0.008230 -1.841244 -0.001635 -0.008597 0.999962 -0.002825
0.987482 0.157732 0.000449 -0.368547 -0.157729 0.987440 0.009145 -1.899334 0.000999 -0.009101 0.999958 -0.005155
0.987666 0.156572 0.000698 -0.387039 -0.156571 0.987611 0.010459 -1.932790 0.000949 -0.010439 0.999945 -0.002836
0.987878 0.155231 0.000933 -0.383838 -0.155232 0.987818 0.010870 -1.961095 0.000766 -0.010883 0.999940 -0.005077
0.988459 0.151482 0.001686 -0.378754 -0.151491 0.988400 0.010783 -1.998890 -0.000033 -0.010914 0.999940 -0.005669
0.988877 0.148730 0.001608 -0.393679 -0.148738 0.988814 0.011167 -2.039609 0.000071 -0.011281 0.999936 -0.003281
0.989357 0.145495 0.002129 -0.400881 -0.145510 0.989286 0.011820 -2.073202 -0.000387 -0.012004 0.999928 -0.001303
0.990146 0.140028 0.001669 -0.409460 -0.140038 0.990058 0.013235 -2.106723 0.000200 -0.013339 0.999911 0.000742
0.990717 0.135929 0.001648 -0.416630 -0.135938 0.990608 0.014712 -2.140364 0.000367 -0.014799 0.999890 -0.000203
0.991139 0.132789 0.003176 -0.420886 -0.132821 0.991035 0.014401 -2.181207 -0.001235 -0.014695 0.999891 -0.002194
0.991653 0.128909 0.002739 -0.432112 -0.128936 0.991544 0.014722 -2.207938 -0.000818 -0.014953 0.999888 -0.003036
0.992002 0.126163 0.003744 -0.434665 -0.126199 0.991937 0.011641 -2.246887 -0.002245 -0.012020 0.999925 -0.005617
0.992805 0.119689 0.003540 -0.437694 -0.119720 0.992755 0.010226 -2.291516 -0.002290 -0.010576 0.999941 -0.004354
0.993667 0.112345 0.002080 -0.433237 -0.112359 0.993630 0.008706 -2.334419 -0.001089 -0.008885 0.999960 0.002489
0.994628 0.103494 -0.002182 -0.470090 -0.103470 0.994590 0.009182 -2.379272 0.003120 -0.008906 0.999955 0.001819
0.995055 0.099311 -0.001838 -0.484856 -0.099291 0.995022 0.008533 -2.428254 0.002676 -0.008309 0.999962 0.000559
0.995750 0.092096 -0.001071 -0.479545 -0.092085 0.995720 0.007827 -2.461639 0.001787 -0.007695 0.999969 -0.002353
0.996439 0.084311 -0.000460 -0.475538 -0.084307 0.996422 0.005915 -2.492426 0.000957 -0.005856 0.999982 -0.002124
0.997370 0.072472 -0.000832 -0.470651 -0.072472 0.997370 -0.000873 -2.507794 0.000766 0.000931 0.999999 -0.001413
0.998090 0.061757 -0.001437 -0.480350 -0.061764 0.998079 -0.004878 -2.564291 0.001133 0.004957 0.999987 0.000386
0.998766 0.049520 -0.003691 -0.479052 -0.049541 0.998756 -0.005708 -2.613441 0.003404 0.005884 0.999977 0.004999
0.999212 0.039279 -0.005649 -0.473937 -0.039306 0.999215 -0.004845 -2.659715 0.005454 0.005064 0.999972 0.001443
0.999674 0.024709 -0.006454 -0.479561 -0.024727 0.999690 -0.002737 -2.672011 0.006384 0.002896 0.999975 0.001491
0.999845 0.015506 -0.008371 -0.497719 -0.015517 0.999879 -0.001217 -2.710145 0.008351 0.001346 0.999964 0.001356
0.999915 0.010948 -0.007085 -0.500709 -0.010956 0.999939 -0.001068 -2.760295 0.007072 0.001145 0.999974 -0.003393
0.999933 0.009588 -0.006417 -0.500459 -0.009586 0.999954 0.000351 -2.798633 0.006420 -0.000289 0.999979 -0.001373
0.999954 0.008649 -0.004178 -0.483193 -0.008654 0.999962 -0.001015 -2.831221 0.004169 0.001051 0.999991 -0.000970
0.999963 0.007603 -0.004075 -0.475702 -0.007601 0.999971 0.000458 -2.857624 0.004079 -0.000427 0.999992 -0.001566
0.999965 0.008000 0.002374 -0.501847 -0.008038 0.999829 0.016644 -2.962620 -0.002240 -0.016663 0.999859 0.003619
0.999978 0.006675 -0.000313 -0.471636 -0.006669 0.999829 0.017268 -3.032560 0.000428 -0.017266 0.999851 0.005762
0.999986 0.005288 -0.000206 -0.479693 -0.005284 0.999826 0.017868 -3.070215 0.000301 -0.017866 0.999840 0.004371
0.999988 0.004533 0.001634 -0.470661 -0.004566 0.999776 0.020669 -3.105395 -0.001540 -0.020676 0.999785 0.012297
0.999990 0.004030 0.001983 -0.470096 -0.004082 0.999639 0.026571 -3.137244 -0.001876 -0.026579 0.999645 0.008201
0.999983 0.002523 0.005347 -0.461135 -0.002666 0.999636 0.026846 -3.166560 -0.005277 -0.026860 0.999625 0.004846
0.999996 0.001941 0.002115 -0.445031 -0.002007 0.999492 0.031806 -3.212876 -0.002053 -0.031811 0.999492 0.018136
0.999998 -0.001808 -0.000449 -0.463556 0.001822 0.999442 0.033363 -3.239826 0.000389 -0.033363 0.999443 -0.000795
0.999990 -0.002729 0.003525 -0.477740 0.002642 0.999698 0.024429 -3.287541 -0.003591 -0.024419 0.999695 -0.002343
0.999986 -0.003370 0.004130 -0.469889 0.003279 0.999755 0.021907 -3.343066 -0.004203 -0.021893 0.999751 0.000875
0.999997 -0.000990 0.002382 -0.472303 0.000935 0.999734 0.023025 -3.409851 -0.002405 -0.023023 0.999732 0.006204
1.000000 -0.000855 0.000052 -0.456990 0.000853 0.999670 0.025675 -3.419529 -0.000073 -0.025674 0.999670 0.006194
0.999999 -0.001204 0.000397 -0.475038 0.001193 0.999633 0.027065 -3.453628 -0.000430 -0.027064 0.999634 0.002230
0.999999 -0.000256 -0.001167 -0.476895 0.000287 0.999637 0.026928 -3.479022 0.001159 -0.026928 0.999637 0.004278
0.999999 -0.000875 -0.001413 -0.497266 0.000914 0.999618 0.027618 -3.528929 0.001389 -0.027619 0.999618 0.005062
0.999999 -0.000144 -0.001173 -0.481461 0.000177 0.999599 0.028334 -3.566035 0.001168 -0.028334 0.999598 0.010492
0.999994 -0.002990 0.001965 -0.500874 0.002930 0.999551 0.029816 -3.591476 -0.002054 -0.029810 0.999553 0.010920
0.999978 -0.000849 0.006554 -0.460764 0.000635 0.999468 0.032623 -3.615485 -0.006578 -0.032618 0.999446 0.007874
0.999939 -0.004873 0.009946 -0.458339 0.004535 0.999422 0.033685 -3.644501 -0.010104 -0.033638 0.999383 0.011183
0.999922 -0.002626 0.012183 -0.465788 0.002206 0.999407 0.034356 -3.704119 -0.012266 -0.034326 0.999335 0.010088
0.999919 -0.001480 0.012673 -0.476042 0.001038 0.999392 0.034853 -3.750490 -0.012717 -0.034837 0.999312 0.027713
0.999934 -0.006626 0.009346 -0.457490 0.006298 0.999378 0.034688 -3.764090 -0.009570 -0.034627 0.999354 0.024629
0.999945 -0.008408 0.006317 -0.488292 0.008190 0.999397 0.033756 -3.825803 -0.006597 -0.033703 0.999410 0.016723
0.999981 -0.004645 0.004124 -0.520539 0.004519 0.999538 0.030072 -3.881328 -0.004261 -0.030052 0.999539 0.014400
0.999987 -0.003524 0.003726 -0.518696 0.003419 0.999605 0.027884 -3.932013 -0.003823 -0.027871 0.999604 0.023718
0.999962 -0.007782 0.004021 -0.505010 0.007676 0.999640 0.025724 -3.941377 -0.004220 -0.025692 0.999661 0.023519
0.999928 -0.011438 0.003730 -0.483057 0.011350 0.999676 0.022804 -3.970015 -0.003990 -0.022760 0.999733 0.026201
0.999916 -0.012866 0.001748 -0.526713 0.012826 0.999690 0.021347 -4.028912 -0.002023 -0.021322 0.999771 0.027150
0.999929 -0.011543 0.002786 -0.548436 0.011485 0.999736 0.019878 -4.083336 -0.003014 -0.019845 0.999799 0.028809
0.999944 -0.010466 0.001430 -0.510886 0.010432 0.999708 0.021781 -4.101011 -0.001658 -0.021764 0.999762 0.026682
0.999920 -0.012467 0.002206 -0.503549 0.012418 0.999704 0.020903 -4.130043 -0.002466 -0.020874 0.999779 0.027780
0.999921 -0.012528 -0.001190 -0.507058 0.012552 0.999641 0.023661 -4.167339 0.000893 -0.023674 0.999719 0.029053
0.999890 -0.014333 -0.003836 -0.535349 0.014428 0.999561 0.025864 -4.210579 0.003463 -0.025917 0.999658 0.031335
0.999866 -0.016216 -0.002413 -0.554056 0.016268 0.999597 0.023271 -4.240726 0.002035 -0.023307 0.999726 0.028606
0.999905 -0.013710 0.001066 -0.530733 0.013684 0.999686 0.021008 -4.288419 -0.001354 -0.020992 0.999779 0.028707
0.999868 -0.016219 -0.000413 -0.519641 0.016224 0.999644 0.021160 -4.327077 0.000070 -0.021164 0.999776 0.040546
0.999876 -0.015733 0.001043 -0.537711 0.015707 0.999653 0.021137 -4.366337 -0.001376 -0.021118 0.999776 0.037499
0.999863 -0.016469 0.001521 -0.541056 0.016431 0.999610 0.022563 -4.402481 -0.001892 -0.022535 0.999744 0.032131
0.999899 -0.014027 0.002218 -0.520515 0.013975 0.999659 0.022042 -4.454511 -0.002527 -0.022009 0.999755 0.040886
0.999882 -0.014983 0.003313 -0.507584 0.014901 0.999610 0.023597 -4.482964 -0.003665 -0.023545 0.999716 0.039398
0.999895 -0.013597 0.005012 -0.498230 0.013457 0.999548 0.026893 -4.534960 -0.005376 -0.026822 0.999626 0.036278
0.999870 -0.014284 0.007441 -0.490598 0.014065 0.999489 0.028686 -4.578170 -0.007847 -0.028578 0.999561 0.032786
0.999844 -0.016056 0.007358 -0.504106 0.015843 0.999479 0.028134 -4.606744 -0.007805 -0.028013 0.999577 0.041031
0.999851 -0.016326 0.005678 -0.503855 0.016172 0.999525 0.026223 -4.631502 -0.006103 -0.026128 0.999640 0.034759
0.999826 -0.018339 0.003534 -0.519559 0.018241 0.999493 0.026105 -4.681538 -0.004011 -0.026036 0.999653 0.040486
0.999858 -0.016557 0.003209 -0.516933 0.016468 0.999531 0.025834 -4.726833 -0.003635 -0.025777 0.999661 0.046410
0.999846 -0.017488 0.001626 -0.515744 0.017439 0.999497 0.026476 -4.763767 -0.002088 -0.026443 0.999648 0.044103
0.999827 -0.018599 -0.000752 -0.512253 0.018612 0.999538 0.024008 -4.780031 0.000306 -0.024018 0.999711 0.041953
0.999826 -0.018659 -0.000491 -0.536306 0.018666 0.999562 0.022947 -4.833320 0.000063 -0.022952 0.999737 0.038793
0.999848 -0.017440 -0.000546 -0.537888 0.017447 0.999599 0.022300 -4.874387 0.000156 -0.022307 0.999751 0.047517
0.999860 -0.016748 0.000617 -0.530699 0.016729 0.999587 0.023387 -4.922729 -0.001008 -0.023373 0.999726 0.043982
0.999822 -0.018841 0.000300 -0.534870 0.018829 0.999561 0.022897 -4.942702 -0.000731 -0.022887 0.999738 0.041810
0.999816 -0.019185 0.000527 -0.526242 0.019168 0.999558 0.022728 -4.986276 -0.000963 -0.022714 0.999742 0.043604
0.999793 -0.020321 -0.000826 -0.536243 0.020335 0.999503 0.024070 -5.027763 0.000337 -0.024082 0.999710 0.044923
0.999778 -0.020948 -0.002188 -0.527498 0.020996 0.999463 0.025146 -5.059021 0.001660 -0.025186 0.999681 0.046806
0.999731 -0.023092 -0.002059 -0.522183 0.023136 0.999428 0.024672 -5.089156 0.001488 -0.024713 0.999693 0.048176
0.999713 -0.023378 -0.005188 -0.537299 0.023484 0.999493 0.021477 -5.131026 0.004684 -0.021592 0.999756 0.045489
0.999758 -0.021872 -0.002492 -0.524945 0.021918 0.999551 0.020421 -5.178092 0.002044 -0.020471 0.999788 0.049660
0.999674 -0.025156 -0.004301 -0.524507 0.025242 0.999455 0.021291 -5.212699 0.003763 -0.021393 0.999764 0.049737
0.999595 -0.028273 -0.003384 -0.516679 0.028338 0.999381 0.020832 -5.235271 0.002793 -0.020920 0.999777 0.050336
0.999558 -0.029604 -0.002726 -0.518904 0.029654 0.999354 0.020317 -5.290705 0.002122 -0.020389 0.999790 0.052771
0.999488 -0.031898 -0.002535 -0.526917 0.031947 0.999234 0.022584 -5.338318 0.001813 -0.022653 0.999742 0.054278
0.999387 -0.034668 -0.004798 -0.524561 0.034778 0.999080 0.025083 -5.367148 0.003924 -0.025235 0.999674 0.057951
0.999078 -0.042467 -0.006289 -0.506367 0.042614 0.998768 0.025437 -5.383997 0.005201 -0.025682 0.999657 0.052789
0.998726 -0.050035 -0.006605 -0.515399 0.050182 0.998442 0.024386 -5.424238 0.005375 -0.024686 0.999681 0.051905
0.998273 -0.058556 -0.004685 -0.516332 0.058653 0.997982 0.024334 -5.473682 0.003251 -0.024567 0.999693 0.053336
0.997665 -0.068209 -0.003610 -0.503013 0.068277 0.997370 0.024312 -5.512326 0.001942 -0.024502 0.999698 0.052196
0.996588 -0.082386 -0.005032 -0.492264 0.082492 0.996231 0.026816 -5.520710 0.002803 -0.027140 0.999628 0.060113
0.996304 -0.085599 -0.007098 -0.515781 0.085768 0.995905 0.028583 -5.575868 0.004622 -0.029086 0.999566 0.061807
0.996320 -0.085520 -0.005769 -0.526453 0.085654 0.995891 0.029397 -5.629709 0.003231 -0.029783 0.999551 0.061572
0.996266 -0.086239 -0.004089 -0.520715 0.086323 0.995820 0.029831 -5.662641 0.001499 -0.030073 0.999547 0.060205
0.996163 -0.087460 -0.003274 -0.495395 0.087520 0.995688 0.030765 -5.682536 0.000569 -0.030933 0.999521 0.059792
0.996052 -0.088767 -0.000119 -0.492565 0.088732 0.995628 0.029188 -5.725220 -0.002473 -0.029083 0.999574 0.059732
0.995959 -0.089809 0.000802 -0.504248 0.089748 0.995541 0.029038 -5.770458 -0.003406 -0.028848 0.999578 0.063398
0.995824 -0.091275 0.001551 -0.490527 0.091192 0.995409 0.029082 -5.807047 -0.004198 -0.028819 0.999576 0.064666
0.995620 -0.093478 0.001330 -0.492334 0.093405 0.995234 0.028002 -5.850857 -0.003941 -0.027755 0.999607 0.065035
0.995403 -0.095749 0.002369 -0.475822 0.095645 0.995013 0.028309 -5.872534 -0.005068 -0.027952 0.999596 0.062092
0.995531 -0.094410 0.002094 -0.478098 0.094323 0.995194 0.026325 -5.932152 -0.004570 -0.026009 0.999651 0.063945
0.995556 -0.094163 0.001479 -0.474870 0.094092 0.995219 0.026182 -5.969559 -0.003937 -0.025926 0.999656 0.068520
0.995676 -0.092848 0.002840 -0.489148 0.092738 0.995327 0.026900 -6.013259 -0.005325 -0.026520 0.999634 0.070179
0.995775 -0.091696 0.004961 -0.453575 0.091525 0.995420 0.027624 -6.028276 -0.007472 -0.027053 0.999606 0.068364
0.995814 -0.091230 0.005592 -0.463075 0.091059 0.995517 0.025559 -6.079099 -0.007898 -0.024943 0.999658 0.064639
0.996060 -0.088258 0.008716 -0.470180 0.088056 0.995887 0.021357 -6.118143 -0.010565 -0.020505 0.999734 0.064697
0.996280 -0.085910 0.006823 -0.458195 0.085758 0.996115 0.020019 -6.162962 -0.008516 -0.019360 0.999776 0.073014
0.996562 -0.082585 0.006599 -0.465601 0.082434 0.996383 0.020638 -6.196435 -0.008279 -0.020023 0.999765 0.070250
0.996966 -0.077290 0.009182 -0.454715 0.077111 0.996851 0.018483 -6.240102 -0.010582 -0.017719 0.999787 0.071969
0.997201 -0.074170 0.009388 -0.449037 0.073978 0.997072 0.019342 -6.279135 -0.010795 -0.018593 0.999769 0.072511
0.997408 -0.071181 0.010556 -0.451402 0.070972 0.997298 0.018960 -6.313604 -0.011877 -0.018162 0.999765 0.076526
0.997628 -0.068214 0.009184 -0.440504 0.068018 0.997479 0.020212 -6.351108 -0.010540 -0.019540 0.999754 0.076072
0.997861 -0.064737 0.009124 -0.444320 0.064528 0.997683 0.021547 -6.398384 -0.010498 -0.020913 0.999726 0.074914
0.998095 -0.061210 0.007737 -0.441758 0.061021 0.997879 0.022681 -6.435801 -0.009108 -0.022165 0.999713 0.077057
0.998308 -0.057828 0.006097 -0.437546 0.057661 0.998030 0.024725 -6.470159 -0.007515 -0.024331 0.999676 0.078212
0.998543 -0.053509 0.006986 -0.438610 0.053314 0.998248 0.025677 -6.509913 -0.008347 -0.025267 0.999646 0.076953
0.998795 -0.048467 0.007660 -0.437785 0.048257 0.998508 0.025565 -6.550476 -0.008888 -0.025165 0.999644 0.080395
0.998871 -0.046335 0.010498 -0.420305 0.046030 0.998558 0.027638 -6.580482 -0.011764 -0.027123 0.999563 0.078130
0.999050 -0.042861 0.007927 -0.417193 0.042610 0.998658 0.029438 -6.611502 -0.009178 -0.029073 0.999535 0.078619
0.999246 -0.038355 0.005958 -0.450699 0.038166 0.998847 0.029116 -6.655820 -0.007068 -0.028866 0.999558 0.081760
0.999395 -0.034534 0.004046 -0.449448 0.034409 0.999024 0.027695 -6.681309 -0.004999 -0.027539 0.999608 0.083509
0.999530 -0.030367 0.004101 -0.428712 0.030243 0.999166 0.027441 -6.725339 -0.004931 -0.027304 0.999615 0.080626
0.999684 -0.024994 0.002687 -0.453894 0.024917 0.999360 0.025661 -6.769312 -0.003327 -0.025586 0.999667 0.084430
0.999751 -0.021815 -0.004793 -0.427169 0.021904 0.999571 0.019424 -6.771112 0.004367 -0.019524 0.999800 0.046075
0.999870 -0.015713 -0.003599 -0.446307 0.015770 0.999742 0.016330 -6.816681 0.003341 -0.016385 0.999860 0.039261
0.999941 -0.010765 -0.001466 -0.442499 0.010786 0.999829 0.015010 -6.860584 0.001304 -0.015025 0.999886 0.040667
0.999946 -0.010337 0.000772 -0.442820 0.010323 0.999827 0.015498 -6.907616 -0.000932 -0.015489 0.999880 0.039668
0.999953 -0.009729 -0.000109 -0.428335 0.009730 0.999843 0.014832 -6.941470 -0.000035 -0.014832 0.999890 0.048047
0.999943 -0.010639 0.000802 -0.468061 0.010625 0.999828 0.015198 -6.995533 -0.000964 -0.015188 0.999884 0.046150
0.999966 -0.008172 0.000720 -0.441983 0.008159 0.999837 0.016077 -7.030612 -0.000851 -0.016071 0.999870 0.048182
0.999948 -0.010179 0.000200 -0.461668 0.010174 0.999817 0.016207 -7.073843 -0.000365 -0.016204 0.999869 0.047168
0.999938 -0.011126 0.001072 -0.430568 0.011107 0.999807 0.016212 -7.080617 -0.001253 -0.016199 0.999868 0.045310
0.999919 -0.012620 -0.001461 -0.456773 0.012643 0.999773 0.017124 -7.138201 0.001245 -0.017142 0.999852 0.048274
0.999939 -0.010357 -0.003866 -0.470531 0.010438 0.999711 0.021647 -7.182299 0.003640 -0.021686 0.999758 0.047762
0.999933 -0.010975 -0.003806 -0.475843 0.011061 0.999668 0.023285 -7.222198 0.003549 -0.023325 0.999722 0.035908
0.999956 -0.008629 -0.003574 -0.441649 0.008707 0.999711 0.022416 -7.259327 0.003379 -0.022447 0.999742 0.040070
0.999908 -0.012863 -0.004200 -0.453185 0.012960 0.999629 0.023945 -7.293405 0.003891 -0.023997 0.999704 0.042496
0.999923 -0.012316 -0.001506 -0.453413 0.012350 0.999608 0.025127 -7.317733 0.001196 -0.025143 0.999683 0.041665
0.999909 -0.013439 -0.000780 -0.468375 0.013455 0.999553 0.026693 -7.371028 0.000421 -0.026701 0.999643 0.030481
0.999929 -0.011667 0.002550 -0.462019 0.011598 0.999601 0.025748 -7.425401 -0.002849 -0.025716 0.999665 0.027744
0.999924 -0.012140 0.001989 -0.427146 0.012086 0.999603 0.025457 -7.461213 -0.002297 -0.025431 0.999674 0.026967
0.999889 -0.014862 0.001408 -0.441589 0.014821 0.999562 0.025628 -7.496217 -0.001788 -0.025604 0.999671 0.030723
0.999803 -0.019658 0.002865 -0.455309 0.019584 0.999520 0.023988 -7.529206 -0.003335 -0.023928 0.999708 0.024165
0.999682 -0.025044 0.002967 -0.463177 0.024963 0.999379 0.024873 -7.581558 -0.003588 -0.024791 0.999686 0.031993
0.999228 -0.039288 -0.000296 -0.425580 0.039284 0.998953 0.023459 -7.601251 -0.000625 -0.023453 0.999725 0.056284
0.998297 -0.058333 -0.000083 -0.446460 0.058320 0.998057 0.021908 -7.615124 -0.001195 -0.021876 0.999760 0.055826
0.997318 -0.073185 0.001109 -0.469464 0.073146 0.997107 0.020665 -7.651736 -0.002619 -0.020529 0.999786 0.056904
0.995574 -0.093961 0.002036 -0.435283 0.093903 0.995387 0.019668 -7.668349 -0.003875 -0.019389 0.999805 0.048542
0.993727 -0.111814 0.002044 -0.446866 0.111756 0.993556 0.018914 -7.723196 -0.004145 -0.018567 0.999819 0.048874
0.991568 -0.129543 0.003255 -0.471156 0.129460 0.991407 0.018758 -7.755892 -0.005657 -0.018179 0.999819 0.048590
0.988817 -0.149107 0.002990 -0.443168 0.149023 0.988647 0.019237 -7.777005 -0.005824 -0.018577 0.999810 0.050015
0.985498 -0.169680 0.001133 -0.412116 0.169620 0.985287 0.020952 -7.831881 -0.004672 -0.020456 0.999780 0.069173
0.982456 -0.186493 -0.001059 -0.408220 0.186473 0.982229 0.021324 -7.884132 -0.002937 -0.021147 0.999772 0.067553
0.980821 -0.194908 0.000843 -0.428273 0.194849 0.980615 0.020679 -7.973277 -0.004857 -0.020118 0.999786 0.066026
0.977774 -0.209656 -0.001525 -0.386374 0.209643 0.977565 0.020399 -7.985873 -0.002786 -0.020265 0.999791 0.071932
0.974480 -0.224458 -0.002651 -0.382077 0.224464 0.974259 0.020879 -8.035341 -0.002104 -0.020941 0.999778 0.068438
0.970147 -0.242511 -0.001556 -0.353840 0.242492 0.969939 0.020380 -8.060558 -0.003433 -0.020149 0.999791 0.060390
0.966426 -0.256925 -0.003068 -0.324608 0.256933 0.966211 0.020534 -8.149607 -0.002312 -0.020633 0.999784 0.066026
0.961754 -0.273794 -0.008083 -0.325974 0.273902 0.961564 0.019305 -8.174023 0.002487 -0.020780 0.999781 0.074153
0.957509 -0.288004 -0.015161 -0.345298 0.288382 0.956757 0.038103 -8.199237 0.003532 -0.040856 0.999159 0.074050
0.953693 -0.300449 -0.014150 -0.334949 0.300753 0.951889 0.058777 -8.181137 -0.004190 -0.060310 0.998171 0.045339
0.949840 -0.312080 -0.020254 -0.327050 0.312733 0.947556 0.065852 -8.175528 -0.001359 -0.068883 0.997624 0.030024
0.944289 -0.328390 -0.021862 -0.332683 0.329086 0.941200 0.076453 -8.195240 -0.004530 -0.079388 0.996833 0.022170
0.939665 -0.340989 -0.027498 -0.332739 0.342091 0.936150 0.081219 -8.280223 -0.001952 -0.085725 0.996317 0.068336
0.934811 -0.352938 -0.039530 -0.320444 0.355093 0.930765 0.087096 -8.328271 0.006053 -0.095455 0.995415 0.096849
0.929599 -0.365965 -0.043762 -0.270811 0.368476 0.925493 0.087682 -8.366539 0.008413 -0.097635 0.995187 0.095424
0.923184 -0.381119 -0.049802 -0.268343 0.384226 0.918497 0.093453 -8.380727 0.010126 -0.105409 0.994377 0.093253
0.916653 -0.396871 -0.047334 -0.287209 0.399660 0.911461 0.097524 -8.375670 0.004439 -0.108313 0.994107 0.067714
0.913571 -0.404067 -0.046016 -0.268544 0.406679 0.907708 0.103337 -8.448468 0.000014 -0.113119 0.993581 0.064113
0.912219 -0.406840 -0.048358 -0.247531 0.409696 0.906537 0.101688 -8.499100 0.002468 -0.112574 0.993640 0.084566
0.910875 -0.409615 -0.050220 -0.229266 0.412668 0.905054 0.102866 -8.525774 0.003317 -0.114422 0.993427 0.096781
0.910336 -0.411012 -0.048551 -0.233509 0.413869 0.904199 0.105532 -8.536599 0.000525 -0.116163 0.993230 0.089770
0.910656 -0.411125 -0.040997 -0.171562 0.413083 0.904015 0.110083 -8.543041 -0.008196 -0.117183 0.993077 0.024606
0.907274 -0.418032 -0.045859 -0.186121 0.420539 0.901646 0.100905 -8.569614 -0.000833 -0.110834 0.993839 0.036345
0.904056 -0.423141 -0.060285 -0.170457 0.426719 0.901600 0.070903 -8.690870 0.024351 -0.089825 0.995660 0.073306
0.901435 -0.428565 -0.061218 -0.198930 0.431463 0.900957 0.046008 -8.726315 0.035437 -0.067886 0.997064 0.100014
0.903349 -0.422902 -0.071512 -0.228924 0.426259 0.903702 0.040314 -8.766967 0.047576 -0.066900 0.996625 0.121834
0.904164 -0.419575 -0.080282 -0.196204 0.423761 0.904683 0.044439 -8.758518 0.053984 -0.074200 0.995781 0.051983
0.905777 -0.414497 -0.088095 -0.128764 0.419592 0.906353 0.049671 -8.806662 0.059257 -0.081955 0.994873 0.015016
0.906600 -0.409690 -0.101151 -0.156606 0.416330 0.907493 0.055901 -8.814214 0.068891 -0.092792 0.993299 -0.000947
0.907917 -0.407029 -0.100069 -0.121643 0.413172 0.909266 0.050241 -8.846112 0.070540 -0.086960 0.993711 0.010112
0.909409 -0.401275 -0.109336 -0.144187 0.408491 0.911195 0.053463 -8.918260 0.078173 -0.093282 0.992566 0.112681
0.912643 -0.393265 -0.111466 -0.143184 0.401248 0.913954 0.060733 -8.954697 0.077991 -0.100153 0.991911 0.107374
0.914933 -0.387662 -0.112322 -0.104643 0.395933 0.916089 0.063391 -8.979716 0.078323 -0.102471 0.991648 0.084006
0.916985 -0.382892 -0.111945 -0.076973 0.391057 0.918234 0.062616 -8.973890 0.078817 -0.101195 0.991740 0.041136
0.916158 -0.379847 -0.127947 -0.119865 0.390766 0.917492 0.074231 -8.972432 0.089194 -0.118005 0.988999 0.076422
0.926117 -0.358452 -0.117560 -0.105311 0.368597 0.926159 0.079788 -9.107323 0.080279 -0.117225 0.989855 0.043266
0.930945 -0.355879 -0.081805 -0.005551 0.361439 0.929938 0.067657 -9.110910 0.051996 -0.092553 0.994349 0.017536
0.934816 -0.352283 -0.044884 0.111459 0.354237 0.933949 0.047485 -9.150128 0.025191 -0.060289 0.997863 0.060619
0.937732 -0.346313 -0.026943 0.060553 0.347184 0.936899 0.041030 -9.185074 0.011033 -0.047829 0.998795 0.212749
0.939725 -0.340468 -0.031588 -0.015828 0.341667 0.938613 0.047633 -9.204965 0.013431 -0.055555 0.998365 0.154945
0.942072 -0.334348 -0.026677 0.013065 0.335305 0.940787 0.049896 -9.265492 0.008415 -0.055950 0.998398 0.062902
0.943688 -0.330174 -0.020949 0.090168 0.330828 0.942251 0.052112 -9.290057 0.002533 -0.056107 0.998422 0.034022
0.945442 -0.324644 -0.027307 0.113524 0.325676 0.944007 0.052777 -9.321131 0.008645 -0.058791 0.998233 0.051540
0.947885 -0.317332 -0.028542 0.127600 0.318498 0.946143 0.058076 -9.366032 0.008575 -0.064140 0.997904 0.124998
0.950412 -0.309210 -0.033262 0.082037 0.310841 0.947849 0.070423 -9.409554 0.009752 -0.077270 0.996963 0.161781
0.953054 -0.301565 -0.027331 0.069475 0.302783 0.950089 0.075182 -9.449376 0.003294 -0.079928 0.996795 0.147119
0.954216 -0.298560 -0.018279 0.103424 0.299088 0.951457 0.072637 -9.465610 -0.004295 -0.074779 0.997191 0.073456
0.953990 -0.299367 -0.016796 0.184191 0.299793 0.951382 0.070690 -9.501757 -0.005183 -0.072473 0.997357 0.090958
0.954028 -0.299677 -0.004828 0.199353 0.299313 0.951787 0.067186 -9.545773 -0.015539 -0.065542 0.997729 0.117759
0.954095 -0.299496 -0.002388 0.179700 0.298960 0.951846 0.067913 -9.599988 -0.018066 -0.065510 0.997688 0.164269
0.954343 -0.298706 -0.002203 0.191983 0.298230 0.952350 0.063943 -9.635699 -0.017002 -0.061680 0.997951 0.174254
0.953496 -0.301370 -0.004716 0.200860 0.301066 0.951556 0.062448 -9.669892 -0.014333 -0.060964 0.998037 0.163772
0.953479 -0.301427 0.004477 0.191970 0.300683 0.951983 0.057605 -9.706680 -0.021625 -0.053580 0.998329 0.124136
0.953425 -0.301575 -0.005713 0.222357 0.301403 0.951806 0.056753 -9.749072 -0.011677 -0.055832 0.998372 0.158337
0.953036 -0.302719 -0.009143 0.234346 0.302758 0.951521 0.054262 -9.776976 -0.007726 -0.054482 0.998485 0.138013
0.952998 -0.302936 -0.004970 0.243963 0.302817 0.951833 0.048116 -9.803108 -0.009846 -0.047360 0.998829 0.099678
0.952755 -0.303736 0.001486 0.239102 0.303367 0.951817 0.044858 -9.850005 -0.015040 -0.042288 0.998992 0.125094
0.953786 -0.300473 0.002942 0.249511 0.300076 0.952948 0.042950 -9.905562 -0.015709 -0.040082 0.999073 0.164061
0.955355 -0.295457 -0.001395 0.284196 0.295330 0.954786 0.034116 -9.958132 -0.008748 -0.033005 0.999417 0.188756
0.954524 -0.298123 0.002719 0.312845 0.297835 0.953930 0.036216 -9.970095 -0.013390 -0.033759 0.999340 0.182245
0.955064 -0.296318 0.006909 0.337374 0.295846 0.954447 0.038805 -10.001889 -0.018093 -0.035017 0.999223 0.176899
0.953722 -0.300420 0.012736 0.350964 0.299606 0.953024 0.044509 -10.031353 -0.025509 -0.038634 0.998928 0.158561
0.955294 -0.295413 0.012002 0.338093 0.294678 0.954648 0.042570 -10.108586 -0.024033 -0.037130 0.999021 0.170126
0.953956 -0.299764 0.010503 0.346726 0.299234 0.953517 0.035559 -10.109862 -0.020675 -0.030779 0.999312 0.176589
0.954922 -0.296762 0.007542 0.355107 0.296375 0.954509 0.032770 -10.181725 -0.016924 -0.029058 0.999434 0.177202
0.953727 -0.300642 0.004295 0.372144 0.300393 0.953360 0.029472 -10.186169 -0.012955 -0.026818 0.999556 0.188402
0.953373 -0.301713 0.006931 0.371374 0.301392 0.953039 0.029639 -10.236528 -0.015548 -0.026168 0.999537 0.164504
0.954041 -0.299546 0.008823 0.394313 0.299213 0.953790 0.027498 -10.287202 -0.016652 -0.023594 0.999583 0.182967
0.952923 -0.303168 0.005252 0.406965 0.302943 0.952663 0.025675 -10.308752 -0.012787 -0.022875 0.999657 0.197575
0.952453 -0.304682 0.001671 0.409966 0.304539 0.952147 0.025936 -10.358341 -0.009493 -0.024194 0.999662 0.203448
0.951425 -0.307879 0.001342 0.427267 0.307738 0.951103 0.026475 -10.393033 -0.009428 -0.024776 0.999649 0.204346
0.949187 -0.314707 -0.002075 0.417467 0.314595 0.948625 0.033763 -10.420443 -0.008657 -0.032700 0.999428 0.190509
0.942573 -0.333995 0.001602 0.442020 0.333753 0.942053 0.033830 -10.431986 -0.012808 -0.031353 0.999426 0.177660
0.936414 -0.350893 0.001448 0.495739 0.350637 0.935873 0.034568 -10.448130 -0.013485 -0.031862 0.999401 0.176208
0.930857 -0.365382 -0.000559 0.496504 0.365209 0.930368 0.032220 -10.488027 -0.011253 -0.030196 0.999481 0.188406
0.925375 -0.379049 -0.001525 0.488618 0.378923 0.924946 0.029884 -10.521569 -0.009917 -0.028231 0.999552 0.198146
0.920283 -0.391252 -0.000928 0.514939 0.391105 0.919865 0.029747 -10.558826 -0.010785 -0.027739 0.999557 0.202788
0.913201 -0.407509 -0.000491 0.542607 0.407297 0.912686 0.033360 -10.563993 -0.013147 -0.030664 0.999443 0.187592
0.908327 -0.418252 0.002790 0.552223 0.417909 0.907816 0.034952 -10.604617 -0.017151 -0.030581 0.999385 0.190207
0.905518 -0.424298 0.002842 0.540134 0.423922 0.904961 0.036557 -10.660273 -0.018083 -0.031898 0.999328 0.180261
0.903701 -0.428155 0.002788 0.545192 0.427749 0.903094 0.038104 -10.708880 -0.018833 -0.033242 0.999270 0.197705
0.901022 -0.433769 0.002114 0.562348 0.433323 0.900296 0.041200 -10.735606 -0.019774 -0.036206 0.999149 0.190486
0.898786 -0.438379 0.002871 0.591964 0.437876 0.898032 0.042470 -10.771376 -0.021196 -0.036914 0.999094 0.192763
0.897339 -0.441336 0.002464 0.675626 0.440791 0.896481 0.044996 -10.846794 -0.022067 -0.039291 0.998984 0.187580
0.896200 -0.443632 0.003998 0.697056 0.443015 0.895362 0.045439 -10.893662 -0.023738 -0.038951 0.998959 0.197054
0.893715 -0.448616 0.004130 0.715837 0.447950 0.892821 0.047023 -10.915997 -0.024782 -0.040175 0.998885 0.198360
0.890961 -0.454076 0.001834 0.717684 0.453478 0.889981 0.047867 -10.931295 -0.023368 -0.041816 0.998852 0.204970
0.888791 -0.458313 -0.000350 0.727098 0.457791 0.887742 0.048399 -10.975241 -0.021871 -0.043177 0.998828 0.196622
0.883820 -0.467827 -0.000327 0.717358 0.467289 0.882770 0.048549 -11.023861 -0.022423 -0.043061 0.998821 0.193068
0.875596 -0.483044 -0.000345 0.753418 0.482518 0.874610 0.047250 -11.023898 -0.022522 -0.041538 0.998883 0.198880
0.865376 -0.501118 0.002146 0.762013 0.500473 0.864464 0.047206 -11.052569 -0.025511 -0.039777 0.998883 0.197287
0.854389 -0.519616 0.004320 0.782289 0.518829 0.853498 0.048553 -11.099229 -0.028916 -0.039242 0.998811 0.208788
0.842869 -0.538118 0.000625 0.833716 0.537498 0.841952 0.047028 -11.120728 -0.025833 -0.039303 0.998893 0.211216
0.831657 -0.555284 -0.002456 0.864040 0.554757 0.830659 0.047435 -11.161777 -0.024300 -0.040812 0.998871 0.211279
0.819050 -0.573705 -0.004457 0.870231 0.573177 0.817907 0.049967 -11.199305 -0.025021 -0.043480 0.998741 0.222198
0.802731 -0.596317 -0.005425 0.894095 0.595762 0.801515 0.051397 -11.217550 -0.026300 -0.044490 0.998664 0.236327
0.796770 -0.604261 -0.005128 0.900181 0.603631 0.795489 0.053164 -11.300196 -0.028046 -0.045455 0.998573 0.218016
0.794930 -0.606683 -0.004685 0.914416 0.606058 0.793709 0.052149 -11.339987 -0.027920 -0.044295 0.998628 0.208832
0.792112 -0.610369 -0.003060 0.953974 0.609767 0.791086 0.048655 -11.331387 -0.027277 -0.040406 0.998811 0.209293
0.788049 -0.615599 -0.004153 0.973437 0.615131 0.787146 0.044892 -11.358742 -0.024367 -0.037932 0.998983 0.231015
0.784979 -0.619505 -0.004639 0.977787 0.619064 0.784088 0.044335 -11.396663 -0.023829 -0.037674 0.999006 0.235614
0.781355 -0.624074 -0.004116 0.985890 0.623615 0.780491 0.044026 -11.439441 -0.024263 -0.036967 0.999022 0.237890
0.774762 -0.632253 -0.000157 1.004193 0.631623 0.773978 0.044832 -11.458646 -0.028224 -0.034833 0.998995 0.228573
0.762936 -0.646473 0.001493 1.020292 0.645754 0.762193 0.045435 -11.467334 -0.030510 -0.033700 0.998966 0.236962
0.749337 -0.662182 0.003102 1.050600 0.661368 0.748632 0.046278 -11.483222 -0.032967 -0.032626 0.998924 0.241017
0.735951 -0.677032 0.001939 1.142875 0.676185 0.735167 0.047998 -11.527434 -0.033922 -0.034013 0.998846 0.242469
0.720779 -0.693158 0.003125 1.135764 0.692216 0.720020 0.049087 -11.545090 -0.036276 -0.033218 0.998790 0.240856
0.710625 -0.703565 0.002961 1.149130 0.702594 0.709853 0.049703 -11.573879 -0.037071 -0.033240 0.998760 0.239414
0.705897 -0.708309 -0.003016 1.212849 0.707628 0.705018 0.047043 -11.606798 -0.031194 -0.035342 0.998888 0.259951
0.702434 -0.711651 -0.011828 1.231391 0.711196 0.701137 0.051062 -11.627079 -0.028045 -0.044279 0.998625 0.261299
0.702072 -0.712037 -0.009903 1.222831 0.711399 0.700688 0.054293 -11.625623 -0.031719 -0.045163 0.998476 0.219644
0.700837 -0.713224 -0.011794 1.258486 0.712923 0.699796 0.045022 -11.658542 -0.023857 -0.039961 0.998916 0.244813
0.696787 -0.717145 -0.013864 1.254441 0.716878 0.695622 0.046856 -11.684780 -0.023959 -0.042588 0.998805 0.231501
0.699212 -0.714765 -0.014621 1.310826 0.714549 0.698055 0.046241 -11.730444 -0.022845 -0.042780 0.998823 0.242912
0.697311 -0.716611 -0.015057 1.341838 0.716363 0.696055 0.048280 -11.773312 -0.024118 -0.044452 0.998720 0.245510
0.697294 -0.716520 -0.019484 1.367428 0.716555 0.696124 0.044278 -11.781968 -0.018163 -0.044836 0.998829 0.291726
0.695175 -0.718661 -0.016088 1.398881 0.718255 0.693531 0.055891 -11.810998 -0.029010 -0.050409 0.998307 0.265598
0.691501 -0.722197 -0.016077 1.430945 0.721686 0.689696 0.059061 -11.836233 -0.031565 -0.052444 0.998125 0.251675
0.686724 -0.726768 -0.014819 1.458936 0.726005 0.684697 0.064079 -11.873355 -0.036424 -0.054763 0.997835 0.232168
0.673953 -0.738565 -0.017591 1.475476 0.737959 0.671901 0.062974 -11.871683 -0.034691 -0.055423 0.997860 0.246168
0.655710 -0.754779 -0.018802 1.506034 0.754256 0.653734 0.061076 -11.879544 -0.033808 -0.054229 0.997956 0.243663
0.634282 -0.772872 -0.018853 1.537873 0.772377 0.632442 0.058748 -11.938673 -0.033481 -0.051825 0.998095 0.234059
0.615227 -0.788095 -0.020047 1.546675 0.787823 0.613687 0.052184 -11.964726 -0.028823 -0.047899 0.998436 0.253762
0.594760 -0.803645 -0.020376 1.586019 0.803529 0.593519 0.045572 -11.974255 -0.024530 -0.043478 0.998753 0.260614
