0.999979 -0.004957 0.004226 -0.012043 0.004910 0.999926 0.011171 -0.128819 -0.004281 -0.011150 0.999929 -0.011651
0.999976 -0.005135 0.004648 -0.014492 0.005081 0.999921 0.011455 -0.131967 -0.004706 -0.011431 0.999924 -0.010946
0.999976 -0.005131 0.004685 -0.015183 0.005076 0.999921 0.011486 -0.131490 -0.004743 -0.011462 0.999923 -0.011269
0.999976 -0.005108 0.004731 -0.015146 0.005053 0.999921 0.011487 -0.131419 -0.004789 -0.011463 0.999923 -0.011378
0.999976 -0.005091 0.004788 -0.015881 0.005035 0.999921 0.011495 -0.131909 -0.004846 -0.011470 0.999922 -0.011343
0.999976 -0.005113 0.004755 -0.015760 0.005058 0.999922 0.011456 -0.131927 -0.004813 -0.011432 0.999923 -0.011109
0.999976 -0.005098 0.004780 -0.016495 0.005042 0.999921 0.011530 -0.131935 -0.004839 -0.011506 0.999922 -0.010822
0.999975 -0.005107 0.004836 -0.016887 0.005051 0.999920 0.011564 -0.132370 -0.004894 -0.011539 0.999921 -0.011248
0.999975 -0.005116 0.004878 -0.016479 0.005060 0.999921 0.011536 -0.132117 -0.004937 -0.011511 0.999922 -0.011486
0.999975 -0.005428 0.004637 -0.022675 0.005374 0.999918 0.011613 -0.130318 -0.004700 -0.011588 0.999922 -0.008857
0.999979 -0.003993 0.005098 -0.019709 0.003935 0.999926 0.011482 -0.126284 -0.005144 -0.011462 0.999921 -0.012049
0.999961 -0.006498 0.006005 -0.020390 0.006438 0.999928 0.010112 -0.114315 -0.006071 -0.010073 0.999931 -0.015207
0.999981 -0.003878 0.004696 0.003246 0.003844 0.999967 0.007208 -0.148269 -0.004724 -0.007189 0.999963 -0.013750
0.999991 -0.000543 0.004123 -0.010957 0.000511 0.999970 0.007699 -0.170692 -0.004127 -0.007696 0.999962 -0.011391
0.999968 0.007365 0.003106 -0.029960 -0.007385 0.999952 0.006496 -0.187621 -0.003058 -0.006519 0.999974 -0.009954
0.999885 0.014777 0.003371 -0.029956 -0.014799 0.999868 0.006675 -0.182765 -0.003271 -0.006724 0.999972 -0.012131
0.999605 0.027913 0.003205 -0.017598 -0.027931 0.999594 0.005672 -0.192355 -0.003045 -0.005760 0.999979 -0.012101
0.999225 0.039238 0.003082 -0.009557 -0.039255 0.999214 0.005589 -0.207142 -0.002860 -0.005706 0.999980 -0.014110
0.998860 0.047689 0.002239 -0.022724 -0.047700 0.998849 0.004996 -0.203228 -0.001998 -0.005097 0.999985 -0.011399
0.998376 0.056913 0.002674 -0.028916 -0.056927 0.998363 0.005620 -0.206710 -0.002350 -0.005763 0.999981 -0.011169
0.997784 0.066502 0.002173 -0.032591 -0.066512 0.997774 0.004743 -0.221020 -0.001852 -0.004877 0.999986 -0.012594
0.997092 0.076204 0.001136 -0.022817 -0.076209 0.997082 0.004465 -0.229961 -0.000793 -0.004539 0.999989 -0.008090
0.996319 0.085718 0.001120 -0.037623 -0.085722 0.996308 0.004746 -0.242334 -0.000709 -0.004825 0.999988 -0.011655
0.995225 0.097605 -0.000502 -0.043197 -0.097602 0.995215 0.004550 -0.245076 0.000943 -0.004480 0.999990 -0.007572
0.994179 0.107745 0.000059 -0.034960 -0.107744 0.994165 0.005250 -0.238414 0.000507 -0.005226 0.999986 -0.007828
0.992609 0.121351 0.000752 -0.041785 -0.121353 0.992597 0.004934 -0.269428 -0.000147 -0.004989 0.999988 -0.007170
0.990187 0.139738 -0.001549 -0.050653 -0.139727 0.990174 0.005587 -0.318818 0.002314 -0.005316 0.999983 -0.012353
0.989092 0.147295 -0.001060 -0.053789 -0.147286 0.989075 0.006163 -0.319360 0.001956 -0.005940 0.999980 -0.014385
0.988902 0.148569 -0.000086 -0.062395 -0.148567 0.988892 0.004461 -0.324160 0.000748 -0.004398 0.999990 -0.009426
0.988857 0.148865 -0.000464 -0.063263 -0.148862 0.988849 0.004091 -0.349913 0.001068 -0.003976 0.999992 -0.006175
0.988779 0.149376 0.001823 -0.087115 -0.149380 0.988776 0.002713 -0.409054 -0.001397 -0.002954 0.999995 -0.016673
0.988660 0.150132 0.003322 -0.091856 -0.150142 0.988659 0.003131 -0.447793 -0.002814 -0.003594 0.999990 -0.013867
0.988355 0.152138 0.003018 -0.098665 -0.152149 0.988351 0.003516 -0.457009 -0.002448 -0.003934 0.999989 -0.015404
0.988345 0.152171 0.004216 -0.091068 -0.152187 0.988345 0.003695 -0.474145 -0.003605 -0.004293 0.999984 -0.016047
0.988344 0.152177 0.004363 -0.104997 -0.152200 0.988333 0.005685 -0.510896 -0.003446 -0.006283 0.999974 -0.015075
0.988324 0.152281 0.005191 -0.119303 -0.152310 0.988316 0.005748 -0.541176 -0.004255 -0.006471 0.999970 -0.005624
0.988269 0.152668 0.004112 -0.117278 -0.152689 0.988259 0.005472 -0.591664 -0.003229 -0.006036 0.999977 -0.007424
0.988273 0.152673 0.002738 -0.119621 -0.152691 0.988237 0.008529 -0.603710 -0.001404 -0.008847 0.999960 -0.006933
0.988144 0.153509 0.002701 -0.130589 -0.153528 0.988099 0.009425 -0.634240 -0.001222 -0.009728 0.999952 -0.010225
0.988125 0.153625 0.002949 -0.122483 -0.153646 0.988083 0.009219 -0.668359 -0.001498 -0.009562 0.999953 -0.008000
0.988337 0.152280 0.000649 -0.139449 -0.152278 0.988282 0.010467 -0.695061 0.000953 -0.010444 0.999945 -0.007591
0.987916 0.154987 0.000843 -0.141785 -0.154987 0.987860 0.010547 -0.740521 0.000801 -0.010550 0.999944 -0.005635
0.988348 0.152211 0.000239 -0.147012 -0.152203 0.988278 0.011860 -0.761682 0.001569 -0.011758 0.999930 -0.013728
0.988056 0.154090 0.000915 -0.145432 -0.154090 0.987987 0.011750 -0.789028 0.000906 -0.011751 0.999931 -0.010142
0.988133 0.153601 0.000527 -0.155389 -0.153596 0.988057 0.012282 -0.815336 0.001365 -0.012218 0.999924 -0.013074
0.986803 0.161919 0.001424 -0.164225 -0.161924 0.986724 0.012491 -0.870414 0.000617 -0.012556 0.999921 -0.010780
0.986484 0.163858 0.000772 -0.169524 -0.163853 0.986390 0.013663 -0.893532 0.001477 -0.013605 0.999906 -0.010686
0.986357 0.164620 0.000290 -0.166577 -0.164608 0.986262 0.013844 -0.915823 0.001993 -0.013703 0.999904 -0.009473
0.986629 0.162975 0.001434 -0.184938 -0.162978 0.986522 0.014582 -0.941794 0.000961 -0.014620 0.999893 -0.011058
0.986498 0.163753 0.002592 -0.198608 -0.163773 0.986419 0.012504 -0.990686 -0.000509 -0.012759 0.999918 -0.009133
0.986145 0.165849 0.003519 -0.202492 -0.165878 0.986084 0.011056 -1.033913 -0.001636 -0.011487 0.999933 -0.010363
0.986395 0.164365 0.003044 -0.200123 -0.164386 0.986359 0.008600 -1.055404 -0.001589 -0.008984 0.999958 -0.008510
0.986300 0.164945 0.002150 -0.205928 -0.164958 0.986267 0.008173 -1.092271 -0.000772 -0.008416 0.999964 -0.007044
0.986512 0.163674 0.002076 -0.226238 -0.163686 0.986476 0.008531 -1.123739 -0.000652 -0.008756 0.999961 -0.005500
0.986386 0.164425 0.002616 -0.238003 -0.164441 0.986357 0.007670 -1.164865 -0.001319 -0.007996 0.999967 -0.010583
0.986373 0.164477 0.003900 -0.231511 -0.164502 0.986350 0.007300 -1.196345 -0.002646 -0.007842 0.999966 -0.009581
0.986721 0.162369 0.004311 -0.234357 -0.162397 0.986699 0.007255 -1.231464 -0.003076 -0.007859 0.999964 -0.009240
0.986626 0.162941 0.004373 -0.241561 -0.162967 0.986610 0.006563 -1.266692 -0.003245 -0.007188 0.999969 -0.009035
0.986489 0.163749 0.005114 -0.250786 -0.163773 0.986487 0.004745 -1.309878 -0.004268 -0.005519 0.999976 -0.008955
0.986640 0.162878 0.003477 -0.252266 -0.162895 0.986630 0.005170 -1.342382 -0.002588 -0.005668 0.999981 -0.005857
0.986812 0.161865 0.001113 -0.269541 -0.161868 0.986793 0.006132 -1.384481 -0.000105 -0.006231 0.999981 -0.004686
0.986743 0.162292 0.000496 -0.282879 -0.162292 0.986721 0.006520 -1.424176 0.000569 -0.006514 0.999979 -0.004730
0.986992 0.160768 0.000131 -0.293262 -0.160765 0.986970 0.006698 -1.456384 0.000947 -0.006632 0.999978 -0.005064
0.986803 0.161923 -0.000312 -0.292591 -0.161916 0.986777 0.007426 -1.496894 0.001511 -0.007278 0.999972 -0.007365
0.986999 0.160723 0.000463 -0.303234 -0.160721 0.986968 0.007925 -1.534415 0.000817 -0.007896 0.999968 -0.009112
0.986959 0.160957 0.002111 -0.308624 -0.160969 0.986927 0.008014 -1.575082 -0.000794 -0.008249 0.999966 -0.007703
0.986925 0.161154 0.002906 -0.315491 -0.161173 0.986895 0.007899 -1.618973 -0.001595 -0.008264 0.999965 -0.007886
0.986937 0.161074 0.003353 -0.313974 -0.161095 0.986911 0.007462 -1.655286 -0.002107 -0.007905 0.999967 -0.006691
0.987093 0.160102 0.003721 -0.327193 -0.160126 0.987070 0.007217 -1.697871 -0.002518 -0.007720 0.999967 -0.008086
0.987015 0.160580 0.003961 -0.337636 -0.160608 0.986985 0.008113 -1.735121 -0.002607 -0.008643 0.999959 -0.006473
0.987167 0.159607 0.005175 -0.339230 -0.159646 0.987140 0.008278 -1.771649 -0.003787 -0.008998 0.999952 -0.007882
0.987265 0.159005 0.004926 -0.344826 -0.159043 0.987235 0.008553 -1.806992 -0.003503 -0.009228 0.999951 -0.007147
0.987419 0.158100 0.002974 -0.342719 -0.158119 0.987386 0.008230 -1.841244 -0.001635 -0.008597 0.999962 -0.002825
0.987482 0.157732 0.000449 -0.368547 -0.157729 0.987440 0.009145 -1.899334 0.000999 -0.009101 0.999958 -0.005155
0.987666 0.156572 0.000698 -0.387039 -0.156571 0.987611 0.010459 -1.932790 0.000949 -0.010439 0.999945 -0.002836
0.987878 0.155231 0.000933 -0.383838 -0.155232 0.987818 0.010870 -1.961095 0.000766 -0.010883 0.999940 -0.005077
0.988459 0.151482 0.001686 -0.378754 -0.151491 0.988400 0.010783 -1.998890 -0.000033 -0.010914 0.999940 -0.005669
0.988877 0.148730 0.001608 -0.393679 -0.148738 0.988814 0.011167 -2.039609 0.000071 -0.011281 0.999936 -0.003281
0.989357 0.145495 0.002129 -0.400881 -0.145510 0.989286 0.011820 -2.073202 -0.000387 -0.012004 0.999928 -0.001303
0.990146 0.140028 0.001669 -0.409460 -0.140038 0.990058 0.013235 -2.106723 0.000200 -0.013339 0.999911 0.000742
0.990717 0.135929 0.001648 -0.416630 -0.135938 0.990608 0.014712 -2.140364 0.000367 -0.014799 0.999890 -0.000203
0.991139 0.132789 0.003176 -0.420886 -0.132821 0.991035 0.014401 -2.181207 -0.001235 -0.014695 0.999891 -0.002194
0.991653 0.128909 0.002739 -0.432112 -0.128936 0.991544 0.014722 -2.207938 -0.000818 -0.014953 0.999888 -0.003036
0.992002 0.126163 0.003744 -0.434665 -0.126199 0.991937 0.011641 -2.246887 -0.002245 -0.012020 0.999925 -0.005617
0.992805 0.119689 0.003540 -0.437694 -0.119720 0.992755 0.010226 -2.291516 -0.002290 -0.010576 0.999941 -0.004354
0.993667 0.112345 0.002080 -0.433237 -0.112359 0.993630 0.008706 -2.334419 -0.001089 -0.008885 0.999960 0.002489
0.994628 0.103494 -0.002182 -0.470090 -0.103470 0.994590 0.009182 -2.379272 0.003120 -0.008906 0.999955 0.001819
0.995055 0.099311 -0.001838 -0.484856 -0.099291 0.995022 0.008533 -2.428254 0.002676 -0.008309 0.999962 0.000559
0.995750 0.092096 -0.001071 -0.479545 -0.092085 0.995720 0.007827 -2.461639 0.001787 -0.007695 0.999969 -0.002353
0.996439 0.084311 -0.000460 -0.475538 -0.084307 0.996422 0.005915 -2.492426 0.000957 -0.005856 0.999982 -0.002124
0.997370 0.072472 -0.000832 -0.470651 -0.072472 0.997370 -0.000873 -2.507794 0.000766 0.000931 0.999999 -0.001413
0.998090 0.061757 -0.001437 -0.480350 -0.061764 0.998079 -0.004878 -2.564291 0.001133 0.004957 0.999987 0.000386
0.998766 0.049520 -0.003691 -0.479052 -0.049541 0.998756 -0.005708 -2.613441 0.003404 0.005884 0.999977 0.004999
0.999212 0.039279 -0.005649 -0.473937 -0.039306 0.999215 -0.004845 -2.659715 0.005454 0.005064 0.999972 0.001443
0.999674 0.024709 -0.006454 -0.479561 -0.024727 0.999690 -0.002737 -2.672011 0.006384 0.002896 0.999975 0.001491
0.999845 0.015506 -0.008371 -0.497719 -0.015517 0.999879 -0.001217 -2.710145 0.008351 0.001346 0.999964 0.001356
0.999915 0.010948 -0.007085 -0.500709 -0.010956 0.999939 -0.001068 -2.760295 0.007072 0.001145 0.999974 -0.003393
0.999933 0.009588 -0.006417 -0.500459 -0.009586 0.999954 0.000351 -2.798633 0.006420 -0.000289 0.999979 -0.001373
0.999954 0.008649 -0.004178 -0.483193 -0.008654 0.999962 -0.001015 -2.831221 0.004169 0.001051 0.999991 -0.000970
0.999963 0.007603 -0.004075 -0.475702 -0.007601 0.999971 0.000458 -2.857624 0.004079 -0.000427 0.999992 -0.001566
0.999965 0.008000 0.002374 -0.501847 -0.008038 0.999829 0.016644 -2.962620 -0.002240 -0.016663 0.999859 0.003619
0.999978 0.006675 -0.000313 -0.471636 -0.006669 0.999829 0.017268 -3.032560 0.000428 -0.017266 0.999851 0.005762
0.999986 0.005288 -0.000206 -0.479693 -0.005284 0.999826 0.017868 -3.070215 0.000301 -0.017866 0.999840 0.004371
0.999988 0.004533 0.001634 -0.470661 -0.004566 0.999776 0.020669 -3.105395 -0.001540 -0.020676 0.999785 0.012297
0.999990 0.004030 0.001983 -0.470096 -0.004082 0.999639 0.026571 -3.137244 -0.001876 -0.026579 0.999645 0.008201
0.999983 0.002523 0.005347 -0.461135 -0.002666 0.999636 0.026846 -3.166560 -0.005277 -0.026860 0.999625 0.004846
0.999996 0.001941 0.002115 -0.445031 -0.002007 0.999492 0.031806 -3.212876 -0.002053 -0.031811 0.999492 0.018136
0.999998 -0.001808 -0.000449 -0.463556 0.001822 0.999442 0.033363 -3.239826 0.000389 -0.033363 0.999443 -0.000795
0.999990 -0.002729 0.003525 -0.477740 0.002642 0.999698 0.024429 -3.287541 -0.003591 -0.024419 0.999695 -0.002343
0.999986 -0.003370 0.004130 -0.469889 0.003279 0.999755 0.021907 -3.343066 -0.004203 -0.021893 0.999751 0.000875
0.999997 -0.000990 0.002382 -0.472303 0.000935 0.999734 0.023025 -3.409851 -0.002405 -0.023023 0.999732 0.006204
1.000000 -0.000855 0.000052 -0.456990 0.000853 0.999670 0.025675 -3.419529 -0.000073 -0.025674 0.999670 0.006194
0.999999 -0.001204 0.000397 -0.475038 0.001193 0.999633 0.027065 -3.453628 -0.000430 -0.027064 0.999634 0.002230
0.999999 -0.000256 -0.001167 -0.476895 0.000287 0.999637 0.026928 -3.479022 0.001159 -0.026928 0.999637 0.004278
0.999999 -0.000875 -0.001413 -0.497266 0.000914 0.999618 0.027618 -3.528929 0.001389 -0.027619 0.999618 0.005062
0.999999 -0.000144 -0.001173 -0.481461 0.000177 0.999599 0.028334 -3.566035 0.001168 -0.028334 0.999598 0.010492
0.999994 -0.002990 0.001965 -0.500874 0.002930 0.999551 0.029816 -3.591476 -0.002054 -0.029810 0.999553 0.010920
0.999978 -0.000849 0.006554 -0.460764 0.000635 0.999468 0.032623 -3.615485 -0.006578 -0.032618 0.999446 0.007874
0.999939 -0.004873 0.009946 -0.458339 0.004535 0.999422 0.033685 -3.644501 -0.010104 -0.033638 0.999383 0.011183
0.999922 -0.002626 0.012183 -0.465788 0.002206 0.999407 0.034356 -3.704119 -0.012266 -0.034326 0.999335 0.010088
0.999919 -0.001480 0.012673 -0.476042 0.001038 0.999392 0.034853 -3.750490 -0.012717 -0.034837 0.999312 0.027713
0.999934 -0.006626 0.009346 -0.457490 0.006298 0.999378 0.034688 -3.764090 -0.009570 -0.034627 0.999354 0.024629
0.999945 -0.008408 0.006317 -0.488292 0.008190 0.999397 0.033756 -3.825803 -0.006597 -0.033703 0.999410 0.016723
0.999981 -0.004645 0.004124 -0.520539 0.004519 0.999538 0.030072 -3.881328 -0.004261 -0.030052 0.999539 0.014400
0.999987 -0.003524 0.003726 -0.518696 0.003419 0.999605 0.027884 -3.932013 -0.003823 -0.027871 0.999604 0.023718
0.999962 -0.007782 0.004021 -0.505010 0.007676 0.999640 0.025724 -3.941377 -0.004220 -0.025692 0.999661 0.023519
0.999928 -0.011438 0.003730 -0.483057 0.011350 0.999676 0.022804 -3.970015 -0.003990 -0.022760 0.999733 0.026201
0.999916 -0.012866 0.001748 -0.526713 0.012826 0.999690 0.021347 -4.028912 -0.002023 -0.021322 0.999771 0.027150
0.999929 -0.011543 0.002786 -0.548436 0.011485 0.999736 0.019878 -4.083336 -0.003014 -0.019845 0.999799 0.028809
0.999944 -0.010466 0.001430 -0.510886 0.010432 0.999708 0.021781 -4.101011 -0.001658 -0.021764 0.999762 0.026682
0.999920 -0.012467 0.002206 -0.503549 0.012418 0.999704 0.020903 -4.130043 -0.002466 -0.020874 0.999779 0.027780
0.999921 -0.012528 -0.001190 -0.507058 0.012552 0.999641 0.023661 -4.167339 0.000893 -0.023674 0.999719 0.029053
0.999890 -0.014333 -0.003836 -0.535349 0.014428 0.999561 0.025864 -4.210579 0.003463 -0.025917 0.999658 0.031335
0.999866 -0.016216 -0.002413 -0.554056 0.016268 0.999597 0.023271 -4.240726 0.002035 -0.023307 0.999726 0.028606
0.999905 -0.013710 0.001066 -0.530733 0.013684 0.999686 0.021008 -4.288419 -0.001354 -0.020992 0.999779 0.028707
0.999868 -0.016219 -0.000413 -0.519641 0.016224 0.999644 0.021160 -4.327077 0.000070 -0.021164 0.999776 0.040546
0.999876 -0.015733 0.001043 -0.537711 0.015707 0.999653 0.021137 -4.366337 -0.001376 -0.021118 0.999776 0.037499
0.999863 -0.016469 0.001521 -0.541056 0.016431 0.999610 0.022563 -4.402481 -0.001892 -0.022535 0.999744 0.032131
0.999899 -0.014027 0.002218 -0.520515 0.013975 0.999659 0.022042 -4.454511 -0.002527 -0.022009 0.999755 0.040886
0.999882 -0.014983 0.003313 -0.507584 0.014901 0.999610 0.023597 -4.482964 -0.003665 -0.023545 0.999716 0.039398
0.999895 -0.013597 0.005012 -0.498230 0.013457 0.999548 0.026893 -4.534960 -0.005376 -0.026822 0.999626 0.036278
0.999870 -0.014284 0.007441 -0.490598 0.014065 0.999489 0.028686 -4.578170 -0.007847 -0.028578 0.999561 0.032786
0.999844 -0.016056 0.007358 -0.504106 0.015843 0.999479 0.028134 -4.606744 -0.007805 -0.028013 0.999577 0.041031
0.999851 -0.016326 0.005678 -0.503855 0.016172 0.999525 0.026223 -4.631502 -0.006103 -0.026128 0.999640 0.034759
0.999826 -0.018339 0.003534 -0.519559 0.018241 0.999493 0.026105 -4.681538 -0.004011 -0.026036 0.999653 0.040486
0.999858 -0.016557 0.003209 -0.516933 0.016468 0.999531 0.025834 -4.726833 -0.003635 -0.025777 0.999661 0.046410
0.999846 -0.017488 0.001626 -0.515744 0.017439 0.999497 0.026476 -4.763767 -0.002088 -0.026443 0.999648 0.044103
0.999827 -0.018599 -0.000752 -0.512253 0.018612 0.999538 0.024008 -4.780031 0.000306 -0.024018 0.999711 0.041953
0.999826 -0.018659 -0.000491 -0.536306 0.018666 0.999562 0.022947 -4.833320 0.000063 -0.022952 0.999737 0.038793
0.999848 -0.017440 -0.000546 -0.537888 0.017447 0.999599 0.022300 -4.874387 0.000156 -0.022307 0.999751 0.047517
0.999860 -0.016748 0.000617 -0.530699 0.016729 0.999587 0.023387 -4.922729 -0.001008 -0.023373 0.999726 0.043982
0.999822 -0.018841 0.000300 -0.534870 0.018829 0.999561 0.022897 -4.942702 -0.000731 -0.022887 0.999738 0.041810
0.999816 -0.019185 0.000527 -0.526242 0.019168 0.999558 0.022728 -4.986276 -0.000963 -0.022714 0.999742 0.043604
0.999793 -0.020321 -0.000826 -0.536243 0.020335 0.999503 0.024070 -5.027763 0.000337 -0.024082 0.999710 0.044923
0.999778 -0.020948 -0.002188 -0.527498 0.020996 0.999463 0.025146 -5.059021 0.001660 -0.025186 0.999681 0.046806
0.999731 -0.023092 -0.002059 -0.522183 0.023136 0.999428 0.024672 -5.089156 0.001488 -0.024713 0.999693 0.048176
0.999713 -0.023378 -0.005188 -0.537299 0.023484 0.999493 0.021477 -5.131026 0.004684 -0.021592 0.999756 0.045489
0.999758 -0.021872 -0.002492 -0.524945 0.021918 0.999551 0.020421 -5.178092 0.002044 -0.020471 0.999788 0.049660
0.999674 -0.025156 -0.004301 -0.524507 0.025242 0.999455 0.021291 -5.212699 0.003763 -0.021393 0.999764 0.049737
0.999595 -0.028273 -0.003384 -0.516679 0.028338 0.999381 0.020832 -5.235271 0.002793 -0.020920 0.999777 0.050336
0.999558 -0.029604 -0.002726 -0.518904 0.029654 0.999354 0.020317 -5.290705 0.002122 -0.020389 0.999790 0.052771
0.999488 -0.031898 -0.002535 -0.526917 0.031947 0.999234 0.022584 -5.338318 0.001813 -0.022653 0.999742 0.054278
0.999387 -0.034668 -0.004798 -0.524561 0.034778 0.999080 0.025083 -5.367148 0.003924 -0.025235 0.999674 0.057951
0.999078 -0.042467 -0.006289 -0.506367 0.042614 0.998768 0.025437 -5.383997 0.005201 -0.025682 0.999657 0.052789
0.998726 -0.050035 -0.006605 -0.515399 0.050182 0.998442 0.024386 -5.424238 0.005375 -0.024686 0.999681 0.051905
0.998273 -0.058556 -0.004685 -0.516332 0.058653 0.997982 0.024334 -5.473682 0.003251 -0.024567 0.999693 0.053336
0.997665 -0.068209 -0.003610 -0.503013 0.068277 0.997370 0.024312 -5.512326 0.001942 -0.024502 0.999698 0.052196
0.996588 -0.082386 -0.005032 -0.492264 0.082492 0.996231 0.026816 -5.520710 0.002803 -0.027140 0.999628 0.060113
0.996304 -0.085599 -0.007098 -0.515781 0.085768 0.995905 0.028583 -5.575868 0.004622 -0.029086 0.999566 0.061807
0.996320 -0.085520 -0.005769 -0.526453 0.085654 0.995891 0.029397 -5.629709 0.003231 -0.029783 0.999551 0.061572
0.996266 -0.086239 -0.004089 -0.520715 0.086323 0.995820 0.029831 -5.662641 0.001499 -0.030073 0.999547 0.060205
0.996163 -0.087460 -0.003274 -0.495395 0.087520 0.995688 0.030765 -5.682536 0.000569 -0.030933 0.999521 0.059792
0.996052 -0.088767 -0.000119 -0.492565 0.088732 0.995628 0.029188 -5.725220 -0.002473 -0.029083 0.999574 0.059732
0.995959 -0.089809 0.000802 -0.504248 0.089748 0.995541 0.029038 -5.770458 -0.003406 -0.028848 0.999578 0.063398
0.995824 -0.091275 0.001551 -0.490527 0.091192 0.995409 0.029082 -5.807047 -0.004198 -0.028819 0.999576 0.064666
0.995620 -0.093478 0.001330 -0.492334 0.093405 0.995234 0.028002 -5.850857 -0.003941 -0.027755 0.999607 0.065035
0.995403 -0.095749 0.002369 -0.475822 0.095645 0.995013 0.028309 -5.872534 -0.005068 -0.027952 0.999596 0.062092
0.995531 -0.094410 0.002094 -0.478098 0.094323 0.995194 0.026325 -5.932152 -0.004570 -0.026009 0.999651 0.063945
0.995556 -0.094163 0.001479 -0.474870 0.094092 0.995219 0.026182 -5.969559 -0.003937 -0.025926 0.999656 0.068520
0.995676 -0.092848 0.002840 -0.489148 0.092738 0.995327 0.026900 -6.013259 -0.005325 -0.026520 0.999634 0.070179
0.995775 -0.091696 0.004961 -0.453575 0.091525 0.995420 0.027624 -6.028276 -0.007472 -0.027053 0.999606 0.068364
0.995814 -0.091230 0.005592 -0.463075 0.091059 0.995517 0.025559 -6.079099 -0.007898 -0.024943 0.999658 0.064639
0.996060 -0.088258 0.008716 -0.470180 0.088056 0.995887 0.021357 -6.118143 -0.010565 -0.020505 0.999734 0.064697
0.996280 -0.085910 0.006823 -0.458195 0.085758 0.996115 0.020019 -6.162962 -0.008516 -0.019360 0.999776 0.073014
0.996562 -0.082585 0.006599 -0.465601 0.082434 0.996383 0.020638 -6.196435 -0.008279 -0.020023 0.999765 0.070250
0.996966 -0.077290 0.009182 -0.454715 0.077111 0.996851 0.018483 -6.240102 -0.010582 -0.017719 0.999787 0.071969
0.997201 -0.074170 0.009388 -0.449037 0.073978 0.997072 0.019342 -6.279135 -0.010795 -0.018593 0.999769 0.072511
0.997408 -0.071181 0.010556 -0.451402 0.070972 0.997298 0.018960 -6.313604 -0.011877 -0.018162 0.999765 0.076526
0.997628 -0.068214 0.009184 -0.440504 0.068018 0.997479 0.020212 -6.351108 -0.010540 -0.019540 0.999754 0.076072
0.997861 -0.064737 0.009124 -0.444320 0.064528 0.997683 0.021547 -6.398384 -0.010498 -0.020913 0.999726 0.074914
0.998095 -0.061210 0.007737 -0.441758 0.061021 0.997879 0.022681 -6.435801 -0.009108 -0.022165 0.999713 0.077057
0.998308 -0.057828 0.006097 -0.437546 0.057661 0.998030 0.024725 -6.470159 -0.007515 -0.024331 0.999676 0.078212
0.998543 -0.053509 0.006986 -0.438610 0.053314 0.998248 0.025677 -6.509913 -0.008347 -0.025267 0.999646 0.076953
0.998795 -0.048467 0.007660 -0.437785 0.048257 0.998508 0.025565 -6.550476 -0.008888 -0.025165 0.999644 0.080395
0.998871 -0.046335 0.010498 -0.420305 0.046030 0.998558 0.027638 -6.580482 -0.011764 -0.027123 0.999563 0.078130
0.999050 -0.042861 0.007927 -0.417193 0.042610 0.998658 0.029438 -6.611502 -0.009178 -0.029073 0.999535 0.078619
0.999246 -0.038355 0.005958 -0.450699 0.038166 0.998847 0.029116 -6.655820 -0.007068 -0.028866 0.999558 0.081760
0.999395 -0.034534 0.004046 -0.449448 0.034409 0.999024 0.027695 -6.681309 -0.004999 -0.027539 0.999608 0.083509
0.999530 -0.030367 0.004101 -0.428712 0.030243 0.999166 0.027441 -6.725339 -0.004931 -0.027304 0.999615 0.080626
0.999684 -0.024994 0.002687 -0.453894 0.024917 0.999360 0.025661 -6.769312 -0.003327 -0.025586 0.999667 0.084430
