1.000000 0.000673 0.000040 0.017084 -0.000672 0.999999 -0.001209 0.012095 -0.000040 0.001209 0.999999 0.000678
1.000000 0.000530 -0.000056 0.015739 -0.000530 0.999999 -0.001386 0.011594 0.000055 0.001386 0.999999 0.000334
1.000000 0.000306 -0.000163 0.015575 -0.000307 0.999998 -0.001734 0.010551 0.000162 0.001734 0.999998 0.001603
1.000000 0.000223 -0.000547 0.014039 -0.000224 0.999998 -0.001789 0.009346 0.000547 0.001789 0.999998 -0.000468
1.000000 0.000340 -0.000405 0.012832 -0.000341 0.999999 -0.001547 0.008205 0.000404 0.001547 0.999999 -0.000700
1.000000 0.000413 -0.000286 0.012734 -0.000414 0.999999 -0.001524 0.008706 0.000286 0.001524 0.999999 0.000606
1.000000 0.000531 0.000016 0.014511 -0.000531 0.999999 -0.001525 0.009834 -0.000017 0.001525 0.999999 0.002893
1.000000 0.000494 0.000063 0.012726 -0.000494 0.999999 -0.001476 0.010253 -0.000063 0.001476 0.999999 0.002205
1.000000 0.000443 -0.000018 0.011950 -0.000443 0.999999 -0.001353 0.008920 0.000018 0.001353 0.999999 0.001541
1.000000 0.000385 -0.000038 0.011317 -0.000385 0.999999 -0.001384 0.007612 0.000038 0.001384 0.999999 0.001719
1.000000 0.000371 -0.000055 0.010539 -0.000371 0.999999 -0.001382 0.006702 0.000054 0.001382 0.999999 0.001476
1.000000 0.000377 -0.000075 0.010990 -0.000377 0.999999 -0.001374 0.006561 0.000075 0.001374 0.999999 0.001515
1.000000 0.000373 -0.000056 0.010361 -0.000373 0.999999 -0.001390 0.006335 0.000056 0.001390 0.999999 0.001809
1.000000 0.000340 -0.000184 0.009448 -0.000340 0.999999 -0.001533 0.005837 0.000184 0.001533 0.999999 0.001917
1.000000 0.000301 -0.000230 0.009186 -0.000302 0.999999 -0.001468 0.006960 0.000230 0.001468 0.999999 0.001107
1.000000 0.000305 -0.000239 0.010184 -0.000306 0.999999 -0.001475 0.006601 0.000238 0.001475 0.999999 0.001142
1.000000 0.000297 -0.000248 0.010708 -0.000297 0.999999 -0.001420 0.006867 0.000247 0.001420 0.999999 0.000975
1.000000 0.000380 -0.000093 0.011480 -0.000380 0.999999 -0.001434 0.007903 0.000093 0.001434 0.999999 0.001519
1.000000 0.000385 -0.000160 0.011198 -0.000386 0.999999 -0.001463 0.006849 0.000159 0.001463 0.999999 0.001996
1.000000 0.000357 -0.000097 0.011184 -0.000357 0.999999 -0.001433 0.008429 0.000097 0.001433 0.999999 0.001373
1.000000 0.000300 -0.000130 0.010831 -0.000300 0.999999 -0.001379 0.007414 0.000130 0.001379 0.999999 0.001002
1.000000 0.000321 -0.000124 0.010418 -0.000321 0.999999 -0.001388 0.006650 0.000123 0.001388 0.999999 0.000768
1.000000 0.000323 -0.000103 0.010552 -0.000323 0.999999 -0.001438 0.006385 0.000103 0.001438 0.999999 0.000986
1.000000 0.000318 -0.000085 0.010660 -0.000318 0.999999 -0.001432 0.007061 0.000084 0.001432 0.999999 0.001454
1.000000 0.000325 -0.000008 0.010455 -0.000325 0.999999 -0.001591 0.007373 0.000008 0.001591 0.999999 0.002399
1.000000 0.000314 -0.000138 0.010626 -0.000314 0.999999 -0.001534 0.006781 0.000138 0.001535 0.999999 0.001324
1.000000 0.000237 -0.000199 0.011125 -0.000238 0.999999 -0.001497 0.006684 0.000198 0.001497 0.999999 0.000930
1.000000 0.000297 -0.000153 0.011422 -0.000297 0.999999 -0.001451 0.005875 0.000152 0.001451 0.999999 0.000955
1.000000 0.000258 -0.000196 0.011180 -0.000258 0.999999 -0.001393 0.005337 0.000196 0.001393 0.999999 0.000608
1.000000 0.000253 -0.000131 0.012873 -0.000253 0.999999 -0.001210 0.004315 0.000131 0.001210 0.999999 -0.000390
1.000000 0.000347 0.000023 0.013359 -0.000347 0.999999 -0.001218 0.005061 -0.000024 0.001218 0.999999 0.001480
1.000000 0.000358 -0.000075 0.012387 -0.000358 0.999999 -0.001213 0.006270 0.000074 0.001213 0.999999 0.001100
1.000000 0.000327 -0.000129 0.012074 -0.000327 0.999999 -0.001148 0.005151 0.000128 0.001148 0.999999 0.000192
1.000000 0.000305 -0.000095 0.013438 -0.000306 0.999999 -0.001087 0.004811 0.000094 0.001087 0.999999 0.000173
1.000000 0.000272 -0.000129 0.013287 -0.000272 0.999999 -0.001148 0.005506 0.000129 0.001148 0.999999 0.000227
1.000000 0.000276 -0.000123 0.012513 -0.000276 0.999999 -0.001142 0.005526 0.000122 0.001142 0.999999 0.000625
1.000000 0.000281 0.000007 0.012773 -0.000280 0.999999 -0.001049 0.005769 -0.000008 0.001049 0.999999 0.000499
1.000000 0.000289 -0.000085 0.012604 -0.000289 0.999999 -0.000994 0.005582 0.000085 0.000994 1.000000 -0.000022
1.000000 0.000324 0.000012 0.011490 -0.000324 1.000000 -0.000936 0.003743 -0.000013 0.000936 1.000000 0.000164
1.000000 0.000167 0.000039 0.011140 -0.000167 1.000000 -0.000963 0.005506 -0.000039 0.000963 1.000000 -0.000680
1.000000 -0.000048 -0.000162 0.011221 0.000048 0.999998 -0.001858 0.013088 0.000163 0.001858 0.999998 0.002610
1.000000 -0.000087 -0.000368 0.011593 0.000087 0.999998 -0.001852 0.011167 0.000369 0.001852 0.999998 0.001584
1.000000 -0.000085 -0.000512 0.010387 0.000084 0.999998 -0.001869 0.006943 0.000512 0.001869 0.999998 0.001417
1.000000 -0.000228 -0.000245 0.005738 0.000227 0.999997 -0.002277 0.011537 0.000245 0.002277 0.999997 0.003825
1.000000 -0.000211 -0.000408 0.006500 0.000210 0.999998 -0.002128 0.011896 0.000408 0.002128 0.999998 0.002024
1.000000 -0.000209 -0.000459 0.006751 0.000208 0.999998 -0.002095 0.011662 0.000459 0.002095 0.999998 0.001747
1.000000 -0.000270 -0.000497 0.005665 0.000269 0.999997 -0.002223 0.012527 0.000498 0.002223 0.999997 0.001724
1.000000 -0.000295 -0.000471 0.006159 0.000294 0.999998 -0.002174 0.013247 0.000472 0.002174 0.999998 0.002072
1.000000 -0.000232 -0.000347 0.007113 0.000231 0.999998 -0.002223 0.014593 0.000348 0.002223 0.999997 0.003128
1.000000 -0.000201 -0.000397 0.008460 0.000200 0.999998 -0.002146 0.014616 0.000398 0.002146 0.999998 0.002267
1.000000 -0.000234 -0.000492 0.009156 0.000233 0.999998 -0.002039 0.013236 0.000493 0.002039 0.999998 0.001183
1.000000 -0.000235 -0.000524 0.010346 0.000234 0.999998 -0.001974 0.012565 0.000525 0.001973 0.999998 0.001288
1.000000 -0.000235 -0.000487 0.010284 0.000234 0.999998 -0.002004 0.013622 0.000487 0.002003 0.999998 0.001252
1.000000 -0.000263 -0.000453 0.010730 0.000262 0.999998 -0.002106 0.014704 0.000453 0.002106 0.999998 0.002142
1.000000 -0.000249 -0.000477 0.010793 0.000248 0.999998 -0.001976 0.013942 0.000478 0.001976 0.999998 0.001838
1.000000 -0.000189 -0.000420 0.010681 0.000188 0.999998 -0.002021 0.013911 0.000420 0.002021 0.999998 0.001909
1.000000 -0.000193 -0.000508 0.009871 0.000191 0.999998 -0.002209 0.013399 0.000508 0.002209 0.999997 0.002916
1.000000 -0.000104 -0.000635 0.012447 0.000103 0.999997 -0.002277 0.012756 0.000635 0.002277 0.999997 0.002543
1.000000 -0.000107 -0.000552 0.011364 0.000106 0.999998 -0.001952 0.010528 0.000552 0.001952 0.999998 0.000874
1.000000 -0.000286 -0.000393 0.003984 0.000285 0.999998 -0.002067 0.011784 0.000394 0.002067 0.999998 0.002128
1.000000 -0.000308 -0.000340 0.003334 0.000308 0.999998 -0.002150 0.013031 0.000341 0.002150 0.999998 0.003033
1.000000 -0.000313 -0.000277 0.003263 0.000313 0.999998 -0.002088 0.013021 0.000278 0.002088 0.999998 0.003214
1.000000 -0.000353 -0.000354 0.004466 0.000352 0.999998 -0.002067 0.011575 0.000355 0.002067 0.999998 0.002752
1.000000 -0.000399 -0.000464 0.004883 0.000398 0.999998 -0.002052 0.011484 0.000465 0.002052 0.999998 0.001587
1.000000 -0.000404 -0.000483 0.005167 0.000403 0.999997 -0.002209 0.016462 0.000483 0.002208 0.999997 0.001012
1.000000 -0.000375 -0.000573 0.014292 0.000373 0.999997 -0.002490 0.025695 0.000574 0.002489 0.999997 0.000254
1.000000 -0.000459 -0.000382 0.005032 0.000458 0.999997 -0.002599 0.019934 0.000383 0.002599 0.999997 0.003265
1.000000 -0.000313 -0.000446 0.008093 0.000312 0.999997 -0.002313 0.016024 0.000447 0.002313 0.999997 0.001992
1.000000 -0.000268 -0.000437 0.007575 0.000267 0.999997 -0.002238 0.014866 0.000438 0.002237 0.999997 0.002035
1.000000 -0.000329 -0.000401 0.006030 0.000328 0.999997 -0.002231 0.014933 0.000402 0.002231 0.999997 0.001796
1.000000 -0.000419 -0.000462 0.004835 0.000418 0.999997 -0.002332 0.017230 0.000463 0.002332 0.999997 0.001450
1.000000 -0.000465 -0.000395 0.004914 0.000464 0.999997 -0.002466 0.018035 0.000396 0.002466 0.999997 0.003056
1.000000 -0.000395 -0.000497 0.005679 0.000394 0.999997 -0.002332 0.014073 0.000498 0.002331 0.999997 0.002602
1.000000 -0.000202 -0.000391 0.005559 0.000202 0.999998 -0.002153 0.008659 0.000392 0.002153 0.999998 0.003066
1.000000 -0.000120 -0.000444 0.002781 0.000119 0.999998 -0.001863 0.000972 0.000445 0.001863 0.999998 0.002355
1.000000 -0.000146 -0.000465 0.001746 0.000146 0.999999 -0.001474 -0.002257 0.000465 0.001474 0.999999 0.003193
0.999999 -0.001464 -0.000252 0.001544 0.001464 0.999999 0.000800 -0.004687 0.000251 -0.000800 1.000000 0.003884
0.999997 -0.002318 -0.000379 -0.003215 0.002319 0.999995 0.002268 -0.023492 0.000374 -0.002268 0.999997 0.003690
0.999997 -0.002260 0.000035 -0.002784 0.002260 0.999993 0.003132 -0.065569 -0.000042 -0.003132 0.999995 0.002278
0.999995 -0.002191 -0.002252 -0.001647 0.002206 0.999976 0.006498 -0.099582 0.002237 -0.006503 0.999976 -0.001039
0.999997 -0.002127 -0.000744 -0.001675 0.002132 0.999974 0.006871 -0.131409 0.000730 -0.006873 0.999976 0.000983
0.999998 -0.000665 -0.001673 0.001958 0.000686 0.999923 0.012408 -0.177815 0.001665 -0.012409 0.999922 0.000324
0.999999 -0.001632 0.000042 0.006760 0.001631 0.999877 0.015570 -0.206071 -0.000067 -0.015570 0.999879 -0.000102
0.999995 -0.001859 0.002733 0.005200 0.001813 0.999863 0.016462 -0.242132 -0.002763 -0.016457 0.999861 -0.001762
0.999983 -0.004180 0.004156 0.006790 0.004132 0.999925 0.011526 -0.274433 -0.004204 -0.011508 0.999925 0.002299
0.999969 -0.006475 0.004442 -0.010353 0.006437 0.999942 0.008641 -0.380563 -0.004498 -0.008612 0.999953 0.005210
0.999980 -0.005218 0.003492 -0.005375 0.005196 0.999966 0.006436 -0.403268 -0.003525 -0.006418 0.999973 0.003795
0.999984 -0.004291 0.003756 0.004229 0.004270 0.999976 0.005532 -0.412810 -0.003780 -0.005516 0.999978 -0.001480
0.999992 -0.003572 0.001628 0.005383 0.003566 0.999987 0.003519 -0.425916 -0.001641 -0.003513 0.999992 -0.001009
0.999986 -0.005154 0.000988 -0.004611 0.005150 0.999978 0.004205 -0.497938 -0.001009 -0.004200 0.999991 0.006943
0.999988 -0.004831 -0.000110 -0.011059 0.004831 0.999978 0.004501 -0.529816 0.000089 -0.004502 0.999990 0.003361
0.999984 -0.005724 0.000334 -0.007864 0.005724 0.999982 0.002001 -0.561425 -0.000346 -0.001999 0.999998 0.001569
0.999989 -0.004650 -0.000403 -0.002756 0.004650 0.999989 0.000296 -0.601274 0.000402 -0.000297 1.000000 -0.002695
0.999979 -0.006425 -0.001243 -0.019879 0.006424 0.999979 -0.000987 -0.660153 0.001249 0.000979 0.999999 -0.000041
0.999953 -0.008857 -0.003981 -0.015296 0.008841 0.999953 -0.004054 -0.688482 0.004017 0.004019 0.999984 0.002436
0.999705 -0.023498 -0.006168 -0.018852 0.023466 0.999711 -0.005175 -0.696565 0.006287 0.005028 0.999968 -0.000543
0.998779 -0.049286 -0.003440 -0.015554 0.049281 0.998784 -0.001460 -0.695837 0.003508 0.001288 0.999993 -0.004943
0.997305 -0.073352 0.001225 0.025751 0.073348 0.997302 0.002993 -0.711093 -0.001442 -0.002895 0.999995 0.002421
0.995646 -0.093189 0.002267 0.011763 0.093186 0.995647 0.001637 -0.825077 -0.002410 -0.001419 0.999996 0.007753
0.993608 -0.112794 -0.004640 -0.028316 0.112790 0.993618 -0.000936 -0.944462 0.004716 0.000406 0.999989 0.007456
0.992266 -0.124124 -0.001235 -0.055376 0.124128 0.992259 0.003826 -0.955968 0.000750 -0.003950 0.999992 -0.003921
0.992397 -0.123073 0.001281 0.026201 0.123055 0.992353 0.009679 -0.849701 -0.002462 -0.009448 0.999952 -0.007886
0.991296 -0.131650 0.001075 0.035989 0.131641 0.991276 0.006521 -0.915053 -0.001924 -0.006323 0.999978 -0.007897
0.988956 -0.148184 -0.002618 -0.006627 0.148155 0.988923 -0.009003 -1.073187 0.003923 0.008515 0.999956 -0.001759
0.986112 -0.165860 -0.008575 -0.043138 0.165623 0.985911 -0.023416 -1.213802 0.012338 0.021670 0.999689 -0.000771
0.985244 -0.170934 -0.008681 -0.030061 0.170503 0.984654 -0.037229 -1.220679 0.014912 0.035199 0.999269 -0.029996
0.985234 -0.171013 -0.008278 0.016771 0.170074 0.983102 -0.067722 -1.161474 0.019719 0.065314 0.997670 -0.092140
0.983606 -0.180299 0.003394 0.052396 0.179913 0.979876 -0.086457 -1.117523 0.012262 0.085651 0.996250 -0.074613
0.981465 -0.191198 0.013027 0.079963 0.191606 0.977719 -0.085742 -1.170331 0.003657 0.086649 0.996232 0.029160
0.979414 -0.200992 0.018705 0.048482 0.201846 0.976214 -0.079144 -1.336141 -0.002353 0.081290 0.996688 0.020816
0.977700 -0.209278 0.017448 0.021680 0.209995 0.975064 -0.071785 -1.384244 -0.001990 0.073848 0.997268 -0.036052
0.976035 -0.217367 0.010332 0.052165 0.217549 0.973510 -0.070359 -1.345760 0.005235 0.070921 0.997468 -0.033787
0.972895 -0.231238 0.002182 0.063905 0.230827 0.970510 -0.069489 -1.339320 0.013951 0.068109 0.997580 -0.037114
0.968328 -0.249320 -0.013413 0.089455 0.248041 0.966727 -0.062560 -1.403215 0.028565 0.057251 0.997951 -0.063052
0.963976 -0.264997 -0.022969 0.076050 0.263543 0.963225 -0.052369 -1.469984 0.036002 0.044429 0.998364 -0.033936
0.958543 -0.280746 -0.048759 0.029950 0.279483 0.959644 -0.031177 -1.508402 0.055545 0.016257 0.998324 -0.009051
0.954107 -0.289199 -0.077747 0.017305 0.289666 0.957112 -0.005443 -1.521826 0.075987 -0.017327 0.996958 0.042059
0.949068 -0.298979 -0.099404 0.054644 0.299226 0.954097 -0.012761 -1.513772 0.098657 -0.017633 0.994965 -0.199347
0.945566 -0.315010 -0.081690 0.119902 0.313280 0.949069 -0.033532 -1.521406 0.088092 0.006115 0.996094 -0.227042
0.941159 -0.332895 -0.058310 0.176081 0.331640 0.942919 -0.030304 -1.617068 0.065069 0.009183 0.997838 -0.057076
0.936467 -0.347949 -0.044290 0.139912 0.347179 0.937484 -0.024283 -1.684585 0.049971 0.007363 0.998724 0.112779
0.932276 -0.360215 -0.033263 0.121467 0.360146 0.932859 -0.008261 -1.721797 0.034006 -0.004279 0.999412 -0.071302
0.926986 -0.373719 -0.032101 0.194386 0.373964 0.927441 0.001779 -1.675582 0.029107 -0.013654 0.999483 -0.329838
0.921656 -0.387635 -0.017013 0.213686 0.387933 0.921455 0.020721 -1.699197 0.007645 -0.025698 0.999641 -0.243679
0.914748 -0.404024 -0.000294 0.215628 0.403874 0.914388 0.027938 -1.759853 -0.011019 -0.025675 0.999610 -0.109653
0.905790 -0.423693 0.005398 0.249619 0.423432 0.905561 0.025792 -1.846835 -0.015816 -0.021077 0.999653 -0.042023
0.893042 -0.449969 -0.001802 0.227896 0.449972 0.893032 0.004386 -1.876758 -0.000365 -0.004728 0.999989 -0.047612
0.881277 -0.472375 -0.014586 0.276429 0.472412 0.881377 -0.001030 -1.885305 0.013342 -0.005983 0.999893 -0.144031
0.868446 -0.495643 -0.011798 0.308661 0.495641 0.868521 -0.003239 -1.902298 0.011853 -0.003035 0.999925 -0.100744
0.854729 -0.519072 -0.001500 0.303814 0.519074 0.854722 0.003547 -1.945821 -0.000559 -0.003810 0.999993 -0.018284
0.840882 -0.541206 0.003724 0.324630 0.541163 0.840874 0.008544 -2.004821 -0.007755 -0.005170 0.999957 0.029058
0.826567 -0.562836 -0.001515 0.346044 0.562831 0.826540 0.007287 -2.025636 -0.002849 -0.006876 0.999972 -0.015268
0.812170 -0.583374 -0.007416 0.384837 0.583407 0.812172 0.003523 -2.036671 0.003967 -0.007188 0.999966 -0.070038
0.798496 -0.601931 -0.009144 0.410557 0.601972 0.798514 0.002278 -2.058324 0.005930 -0.007323 0.999956 -0.082532
0.785307 -0.619083 -0.005419 0.425610 0.619107 0.785277 0.006852 -2.109537 0.000013 -0.008735 0.999962 -0.054767
0.771642 -0.636056 -0.000835 0.440726 0.636029 0.771595 0.010388 -2.125001 -0.005963 -0.008547 0.999946 -0.025743
0.759688 -0.650287 0.000814 0.466935 0.650243 0.759650 0.010805 -2.147979 -0.007645 -0.007680 0.999941 -0.030726
0.749322 -0.662203 0.001863 0.494046 0.662179 0.749314 0.006927 -2.201969 -0.005983 -0.003957 0.999974 -0.052481
0.740508 -0.672045 -0.001723 0.527393 0.672044 0.740493 0.005297 -2.247326 -0.002284 -0.005081 0.999984 -0.070057
0.733205 -0.680004 0.002354 0.543055 0.679983 0.733203 0.006087 -2.259698 -0.005865 -0.002862 0.999979 -0.054373
0.723331 -0.690498 0.002234 0.567723 0.690478 0.723329 0.005916 -2.261597 -0.005701 -0.002737 0.999980 -0.049741
0.708062 -0.706148 0.001527 0.589739 0.706125 0.708054 0.006888 -2.303464 -0.005945 -0.003799 0.999975 -0.035426
0.691803 -0.722082 0.002365 0.620810 0.722070 0.691806 0.004349 -2.369357 -0.004777 -0.001301 0.999988 -0.038993
0.678443 -0.734653 0.000191 0.661481 0.734651 0.678441 0.002263 -2.404084 -0.001792 -0.001395 0.999997 -0.042327
0.666827 -0.745212 0.000991 0.697560 0.745207 0.666827 0.002952 -2.430578 -0.002861 -0.001230 0.999995 -0.042134
0.656484 -0.754331 0.003765 0.722096 0.754321 0.656495 0.003737 -2.403733 -0.005291 0.000386 0.999986 -0.045152
0.644941 -0.764228 0.002781 0.759963 0.764213 0.644946 0.004869 -2.407363 -0.005515 -0.001015 0.999984 -0.046073
0.629989 -0.776597 0.003151 0.777190 0.776583 0.629997 0.004846 -2.453371 -0.005749 -0.000605 0.999983 -0.038336
0.615439 -0.788183 0.001365 0.824781 0.788173 0.615438 0.004298 -2.512996 -0.004227 -0.001570 0.999990 -0.041154
0.603310 -0.797507 0.000412 0.855045 0.797502 0.603308 0.003213 -2.539195 -0.002811 -0.001610 0.999995 -0.047226
0.589993 -0.807407 0.001469 0.884913 0.807395 0.589993 0.004574 -2.536791 -0.004560 -0.001512 0.999988 -0.046906
0.576794 -0.816890 -0.000631 0.911853 0.816871 0.576775 0.007240 -2.529971 -0.005550 -0.004692 0.999974 -0.047697
0.561428 -0.827526 0.000165 0.939030 0.827489 0.561405 0.009323 -2.569690 -0.007807 -0.005098 0.999957 -0.040537
0.543616 -0.839333 -0.001418 0.968171 0.839297 0.543576 0.010254 -2.583261 -0.007836 -0.006764 0.999946 -0.038595
0.526461 -0.850190 -0.003952 0.989218 0.850165 0.526392 0.011451 -2.615829 -0.007655 -0.009388 0.999927 -0.043392
0.509833 -0.860266 -0.003445 1.028608 0.860237 0.509771 0.011170 -2.631969 -0.007853 -0.008658 0.999932 -0.032641
0.494983 -0.868890 -0.004655 1.060915 0.868884 0.494931 0.009131 -2.644044 -0.005629 -0.008564 0.999947 -0.038905
0.481284 -0.876539 -0.006677 1.111640 0.876555 0.481228 0.008479 -2.674501 -0.004219 -0.009933 0.999942 -0.039541
0.467611 -0.883899 -0.007899 1.136343 0.883926 0.467548 0.008636 -2.702006 -0.003940 -0.011020 0.999932 -0.040034
0.454394 -0.890758 -0.008729 1.178960 0.890788 0.454315 0.009689 -2.695498 -0.004665 -0.012178 0.999915 -0.041018
0.440462 -0.897715 -0.010042 1.202844 0.897766 0.440392 0.008456 -2.698623 -0.003169 -0.012740 0.999914 -0.045738
0.426320 -0.904503 -0.011226 1.238781 0.904572 0.426268 0.006799 -2.741104 -0.001364 -0.013053 0.999914 -0.045994
0.411761 -0.911197 -0.013174 1.269589 0.911289 0.411678 0.008596 -2.754940 -0.002409 -0.015545 0.999876 -0.029679
0.396955 -0.917750 -0.012726 1.299622 0.917837 0.396894 0.007130 -2.761610 -0.001493 -0.014510 0.999894 -0.035976
0.383863 -0.923310 -0.012169 1.326838 0.923386 0.383790 0.007947 -2.798399 -0.002667 -0.014287 0.999894 -0.038168
0.371397 -0.928411 -0.010794 1.388458 0.928465 0.371317 0.008789 -2.798758 -0.004152 -0.013286 0.999903 -0.046352
0.357618 -0.933817 -0.009718 1.417438 0.933835 0.357498 0.012186 -2.800494 -0.007905 -0.013433 0.999879 -0.049829
0.346098 -0.938152 -0.009276 1.470535 0.938132 0.345939 0.015329 -2.797298 -0.011172 -0.014008 0.999839 -0.047294
0.330396 -0.943778 -0.011007 1.498064 0.943797 0.330243 0.013689 -2.823839 -0.009285 -0.014911 0.999846 -0.043606
0.312785 -0.949784 -0.008717 1.519527 0.949783 0.312674 0.012131 -2.852637 -0.008796 -0.012074 0.999888 -0.032833
0.297765 -0.954612 -0.007234 1.555864 0.954605 0.297681 0.010742 -2.874427 -0.008101 -0.010104 0.999916 -0.040506
0.283172 -0.959045 -0.006843 1.603712 0.959023 0.283082 0.011785 -2.889314 -0.009366 -0.009899 0.999907 -0.040628
0.269072 -0.963105 -0.005432 1.636636 0.963066 0.268993 0.012102 -2.879981 -0.010194 -0.008488 0.999912 -0.046090
0.253271 -0.967389 -0.003532 1.671288 0.967331 0.253210 0.012457 -2.877900 -0.011156 -0.006572 0.999916 -0.051734
0.237292 -0.971434 -0.002837 1.727660 0.971406 0.237259 0.008898 -2.893066 -0.007971 -0.004868 0.999956 -0.052759
0.221761 -0.975101 0.000093 1.771061 0.975053 0.221752 0.009873 -2.916578 -0.009648 -0.002098 0.999951 -0.033319
0.207147 -0.978309 -0.001171 1.800183 0.978291 0.207136 0.006359 -2.936415 -0.005979 -0.002462 0.999979 -0.044494
0.192956 -0.981207 0.000237 1.840460 0.981192 0.192954 0.005479 -2.927223 -0.005422 -0.000825 0.999985 -0.047910
0.179263 -0.983800 0.001726 1.885352 0.983796 0.179267 0.003053 -2.933827 -0.003313 0.001151 0.999994 -0.055192
0.165879 -0.986140 0.003442 1.923620 0.986145 0.165883 0.000704 -2.939620 -0.001265 0.003277 0.999994 -0.049409
0.152681 -0.988260 0.005472 1.945898 0.988260 0.152707 0.004664 -2.945078 -0.005444 0.004696 0.999974 -0.031903
0.139415 -0.990228 0.003320 1.976091 0.990222 0.139429 0.004428 -2.933661 -0.004847 0.002670 0.999985 -0.039860
0.124298 -0.992243 0.001973 2.037728 0.992235 0.124305 0.004155 -2.957781 -0.004368 0.001441 0.999989 -0.053133
0.109108 -0.994026 0.002893 2.072347 0.994014 0.109122 0.005290 -2.966209 -0.005574 0.002298 0.999982 -0.052433
0.094798 -0.995483 0.005216 2.113090 0.995473 0.094830 0.006319 -2.963630 -0.006785 0.004593 0.999966 -0.052209
0.078306 -0.996890 0.008893 2.162992 0.996890 0.078378 0.008147 -2.958204 -0.008819 0.008227 0.999927 -0.058225
0.069002 -0.997568 0.009878 2.205494 0.997615 0.069016 0.001016 -2.964257 -0.001695 0.009785 0.999951 -0.098367
0.066729 -0.997737 0.008203 2.248473 0.997743 0.066787 0.007014 -2.988104 -0.007546 0.007716 0.999942 -0.044670
0.068031 -0.997676 0.003910 2.265474 0.997615 0.068072 0.011411 -2.979863 -0.011651 0.003124 0.999927 -0.026554
0.067732 -0.997704 0.000087 2.286302 0.997552 0.067723 0.017447 -2.952895 -0.017413 -0.001095 0.999848 -0.009812
0.064677 -0.997902 -0.002992 2.322607 0.997853 0.064643 0.010546 -2.966979 -0.010330 -0.003668 0.999940 -0.054788
0.061166 -0.998121 -0.003612 2.377826 0.998097 0.061136 0.008018 -3.000280 -0.007782 -0.004096 0.999961 -0.058469
0.059697 -0.998214 -0.002380 2.411504 0.998187 0.059677 0.007871 -3.010880 -0.007715 -0.002845 0.999966 -0.038387
0.060433 -0.998169 -0.002432 2.449594 0.998152 0.060416 0.006537 -3.009774 -0.006378 -0.002823 0.999976 -0.046022
0.060173 -0.998180 -0.003990 2.489054 0.998175 0.060151 0.005343 -2.988861 -0.005094 -0.004304 0.999978 -0.046509
0.059655 -0.998213 -0.003430 2.512481 0.998192 0.059628 0.007530 -2.990631 -0.007312 -0.003873 0.999966 -0.044662
0.058133 -0.998297 -0.004867 2.570127 0.998297 0.058108 0.005164 -2.995150 -0.004873 -0.005159 0.999975 -0.046990
0.057071 -0.998357 -0.005197 2.606979 0.998354 0.057040 0.005962 -3.014430 -0.005656 -0.005529 0.999969 -0.040936
0.057453 -0.998318 -0.007776 2.634453 0.998337 0.057413 0.005260 -3.014681 -0.004804 -0.008065 0.999956 -0.045599
0.057740 -0.998291 -0.009047 2.654947 0.998302 0.057667 0.008169 -3.002942 -0.007633 -0.009503 0.999926 -0.045767
0.058388 -0.998255 -0.008811 2.752347 0.998263 0.058314 0.008437 -2.991229 -0.007908 -0.009288 0.999926 -0.061780
0.057135 -0.998352 -0.005288 2.797184 0.998334 0.057089 0.008338 -2.998553 -0.008022 -0.005756 0.999951 -0.060816
0.058645 -0.998278 -0.001654 2.842558 0.998254 0.058632 0.007124 -3.001918 -0.007015 -0.002068 0.999973 -0.054756
0.056134 -0.998421 0.002017 2.869650 0.998416 0.056141 0.003688 -3.007176 -0.003796 0.001807 0.999991 -0.056350
0.055655 -0.998447 0.002548 2.915748 0.998449 0.055651 -0.001379 -3.007419 0.001235 0.002621 0.999996 -0.058591
0.055854 -0.998434 0.003223 2.977353 0.998438 0.055858 0.001144 -3.013683 -0.001323 0.003154 0.999994 -0.045064
0.055691 -0.998444 0.002772 3.010273 0.998448 0.055693 0.000683 -3.029945 -0.000837 0.002730 0.999996 -0.054364
0.055373 -0.998463 0.002477 3.048453 0.998465 0.055370 -0.001225 -3.024146 0.001086 0.002541 0.999996 -0.066023
0.056346 -0.998410 0.001737 3.077776 0.998411 0.056347 0.000561 -3.019584 -0.000658 0.001703 0.999998 -0.061579
0.054834 -0.998492 0.002532 3.109578 0.998495 0.054834 -0.000222 -3.022279 0.000083 0.002540 0.999997 -0.060173
0.053888 -0.998538 0.004157 3.147255 0.998546 0.053892 0.000831 -3.040382 -0.001053 0.004106 0.999991 -0.057507
0.052980 -0.998586 0.004301 3.204241 0.998596 0.052979 -0.000364 -3.044868 0.000136 0.004314 0.999991 -0.068061
0.052401 -0.998615 0.004648 3.256032 0.998625 0.052406 0.000880 -3.033405 -0.001123 0.004595 0.999989 -0.059042
0.051433 -0.998672 0.003140 3.285007 0.998676 0.051429 -0.001226 -3.045306 0.001063 0.003198 0.999994 -0.067033
0.050697 -0.998714 0.000446 3.313149 0.998713 0.050698 0.001401 -3.047264 -0.001422 0.000374 0.999999 -0.051368
0.050070 -0.998734 -0.004877 3.343798 0.998744 0.050061 0.001977 -3.047313 -0.001730 -0.004970 0.999986 -0.050362
0.049621 -0.998731 -0.008658 3.394145 0.998767 0.049609 0.001649 -3.051881 -0.001218 -0.008729 0.999961 -0.058921
0.048265 -0.998790 -0.009396 3.432464 0.998834 0.048252 0.001575 -3.067152 -0.001120 -0.009461 0.999955 -0.057586
0.048117 -0.998804 -0.008666 3.472500 0.998841 0.048124 -0.000648 -3.054386 0.001064 -0.008625 0.999962 -0.057495
0.047169 -0.998861 -0.007160 3.508320 0.998878 0.047199 -0.003996 -3.059541 0.004329 -0.006964 0.999966 -0.054888
0.047455 -0.998858 -0.005510 3.541431 0.998862 0.047480 -0.004547 -3.057481 0.004803 -0.005288 0.999974 -0.050822
0.046638 -0.998906 -0.003292 3.567566 0.998908 0.046648 -0.002739 -3.060794 0.002890 -0.003161 0.999991 -0.061861
0.047101 -0.998887 -0.002345 3.601022 0.998890 0.047102 -0.000316 -3.071909 0.000426 -0.002327 0.999997 -0.061126
0.046649 -0.998908 -0.002523 3.643612 0.998910 0.046645 0.001538 -3.062982 -0.001419 -0.002592 0.999996 -0.063430
0.045220 -0.998969 -0.004115 3.677034 0.998977 0.045216 0.001071 -3.068557 -0.000884 -0.004160 0.999991 -0.063364
0.043180 -0.999051 -0.005772 3.710117 0.999067 0.043178 0.000486 -3.076446 -0.000236 -0.005787 0.999983 -0.061686
0.042829 -0.999059 -0.006831 3.747786 0.999081 0.042818 0.001739 -3.078895 -0.001444 -0.006899 0.999975 -0.066668
0.041531 -0.999116 -0.006517 3.796716 0.999136 0.041520 0.001677 -3.077982 -0.001405 -0.006581 0.999977 -0.074338
0.040936 -0.999158 -0.002757 3.830690 0.999152 0.040923 0.004541 -3.088764 -0.004424 -0.002940 0.999986 -0.065397
0.040648 -0.999173 0.000427 3.870714 0.999169 0.040649 0.002979 -3.081707 -0.002994 0.000306 0.999995 -0.071357
0.040880 -0.999162 0.002023 3.917686 0.999164 0.040881 0.000505 -3.080218 -0.000587 0.002000 0.999998 -0.061776
0.040753 -0.999162 0.003718 3.970920 0.999168 0.040747 -0.001751 -3.093549 0.001599 0.003786 0.999992 -0.065511
0.039360 -0.999216 0.004274 4.009568 0.999210 0.039335 -0.005717 -3.094259 0.005544 0.004496 0.999975 -0.067221
0.040900 -0.999149 0.005295 4.038263 0.999127 0.040853 -0.008768 -3.088435 0.008544 0.005649 0.999948 -0.059630
0.041745 -0.999115 0.005065 4.084987 0.999100 0.041705 -0.007680 -3.095659 0.007462 0.005381 0.999958 -0.057599
0.041696 -0.999124 0.003551 4.114673 0.999130 0.041692 -0.001276 -3.096585 0.001127 0.003601 0.999993 -0.066214
0.040439 -0.999180 0.002170 4.151464 0.999179 0.040444 0.002184 -3.086274 -0.002270 0.002080 0.999995 -0.072789
0.037882 -0.999278 0.002877 4.201411 0.999263 0.037898 0.006033 -3.105691 -0.006137 0.002646 0.999978 -0.074688
0.035987 -0.999335 0.005875 4.261827 0.999339 0.036017 0.005022 -3.112167 -0.005230 0.005690 0.999970 -0.074437
0.035139 -0.999337 0.009509 4.297920 0.999370 0.035186 0.004738 -3.114644 -0.005069 0.009336 0.999944 -0.074808
0.036262 -0.999258 0.013017 4.338161 0.999264 0.036419 0.012050 -3.106908 -0.012515 0.012570 0.999843 -0.042952
0.035998 -0.999285 0.011572 4.379758 0.999246 0.036161 0.014168 -3.117088 -0.014577 0.011053 0.999833 -0.044011
0.035697 -0.999329 0.008154 4.433952 0.999328 0.035762 0.008013 -3.113180 -0.008300 0.007863 0.999935 -0.077101
0.034040 -0.999397 0.006830 4.474970 0.999418 0.034054 0.001909 -3.114731 -0.002141 0.006761 0.999975 -0.092126
0.034961 -0.999362 0.007340 4.521847 0.999387 0.034975 0.001766 -3.134588 -0.002022 0.007274 0.999972 -0.074666
0.043462 -0.999027 0.007505 4.566740 0.999051 0.043483 0.002680 -3.140635 -0.003004 0.007381 0.999968 -0.051667
0.058508 -0.998274 0.005089 4.612899 0.998287 0.058507 -0.000299 -3.156032 0.000001 0.005098 0.999987 -0.052286
0.075482 -0.997146 0.001661 4.612652 0.997144 0.075478 -0.002641 -3.146158 0.002509 0.001856 0.999995 -0.082050
0.091474 -0.995806 -0.001796 4.632246 0.995807 0.091477 -0.001191 -3.116010 0.001350 -0.001679 0.999998 -0.086803
0.102087 -0.994775 -0.000526 4.660617 0.994771 0.102085 0.003073 -3.125899 -0.003003 -0.000837 0.999995 -0.063958
0.108986 -0.994041 0.002034 4.702423 0.994034 0.108993 0.004171 -3.153616 -0.004367 0.001567 0.999989 -0.057305
0.120126 -0.992754 0.003041 4.770545 0.992754 0.120134 0.002787 -3.188170 -0.003132 0.002684 0.999991 -0.080692
0.139437 -0.990220 0.004544 4.802024 0.990207 0.139464 0.006322 -3.186086 -0.006894 0.003618 0.999970 -0.086460
0.159218 -0.987231 0.004908 4.815355 0.987209 0.159251 0.007526 -3.157138 -0.008211 0.003647 0.999960 -0.076989
0.171647 -0.985128 0.007695 4.822092 0.985091 0.171721 0.010340 -3.140067 -0.011508 0.005805 0.999917 -0.069733
0.177250 -0.984129 0.008472 4.884446 0.984131 0.177310 0.006869 -3.169441 -0.008262 0.007120 0.999941 -0.086090
0.182351 -0.983173 0.010912 4.944618 0.983204 0.182421 0.005744 -3.215665 -0.007638 0.009681 0.999924 -0.077347
0.190636 -0.981580 0.012618 4.978240 0.981650 0.190679 0.002236 -3.230806 -0.004601 0.011961 0.999918 -0.062135
0.201174 -0.979477 0.012371 4.986390 0.979550 0.201198 0.000676 -3.206964 -0.003151 0.011982 0.999923 -0.064843
0.210408 -0.977563 0.009945 5.021078 0.977611 0.210419 0.000003 -3.201657 -0.002096 0.009722 0.999951 -0.078700
0.217208 -0.976090 0.008274 5.064656 0.976116 0.217236 0.002603 -3.214671 -0.004339 0.007511 0.999962 -0.070790
0.221569 -0.975107 0.008605 5.094955 0.975127 0.221610 0.004086 -3.243920 -0.005891 0.007486 0.999955 -0.071663
0.223531 -0.974666 0.007746 5.138296 0.974681 0.223566 0.003939 -3.261666 -0.005570 0.006669 0.999962 -0.075620
0.224922 -0.974346 0.007685 5.179688 0.974364 0.224952 0.003271 -3.256417 -0.004916 0.006752 0.999965 -0.082121
0.225729 -0.974162 0.007377 5.230953 0.974179 0.225756 0.003083 -3.268415 -0.004669 0.006490 0.999968 -0.081133
0.226728 -0.973911 0.009560 5.268027 0.973926 0.226789 0.005865 -3.268770 -0.007880 0.007981 0.999937 -0.075778
0.227148 -0.973786 0.012050 5.309523 0.973820 0.227234 0.006288 -3.269354 -0.008861 0.010306 0.999908 -0.081544
0.225768 -0.974070 0.014694 5.348464 0.974140 0.225871 0.005785 -3.295618 -0.008954 0.013008 0.999875 -0.082462
0.225805 -0.974053 0.015235 5.380779 0.974140 0.225897 0.004611 -3.303539 -0.007933 0.013800 0.999873 -0.084951
0.225457 -0.974124 0.015885 5.425916 0.974207 0.225575 0.006084 -3.318926 -0.009510 0.014103 0.999855 -0.079867
0.225432 -0.974150 0.014551 5.464123 0.974228 0.225518 0.004543 -3.323529 -0.007707 0.013152 0.999884 -0.080561
0.224617 -0.974325 0.015410 5.501473 0.974426 0.224688 0.003001 -3.332971 -0.006386 0.014342 0.999877 -0.081478
0.225626 -0.974080 0.016179 5.537342 0.974210 0.225640 -0.000979 -3.343095 -0.002696 0.015982 0.999869 -0.089112
0.226254 -0.973895 0.018366 5.580238 0.974068 0.226230 -0.003399 -3.349552 -0.000845 0.018658 0.999826 -0.087771
0.226691 -0.973745 0.020791 5.616183 0.973966 0.226670 -0.003373 -3.358570 -0.001429 0.021014 0.999778 -0.086247
0.226404 -0.973775 0.022436 5.652641 0.974028 0.226419 -0.001911 -3.369857 -0.003219 0.022286 0.999746 -0.077212
0.226861 -0.973709 0.020591 5.693619 0.973917 0.226904 -0.000263 -3.367351 -0.004416 0.020113 0.999788 -0.084168
0.225697 -0.973992 0.020000 5.729063 0.974178 0.225774 0.001612 -3.394936 -0.006085 0.019120 0.999799 -0.097796
0.226347 -0.973824 0.020815 5.768553 0.974028 0.226424 0.001396 -3.397536 -0.006073 0.019958 0.999782 -0.089040
0.226854 -0.973708 0.020721 5.810713 0.973912 0.226925 0.001096 -3.408803 -0.005769 0.019932 0.999785 -0.091056
0.225645 -0.973986 0.020887 5.840524 0.974189 0.225728 0.001660 -3.420766 -0.006332 0.019973 0.999780 -0.082855
0.226343 -0.973840 0.020115 5.875356 0.974016 0.226455 0.003431 -3.423611 -0.007896 0.018816 0.999792 -0.091461
0.224873 -0.974221 0.018071 5.920508 0.974358 0.224973 0.003709 -3.435234 -0.007679 0.016774 0.999830 -0.092004
0.224507 -0.974312 0.017664 5.961359 0.974433 0.224624 0.004936 -3.444843 -0.008777 0.016104 0.999832 -0.089195
0.224401 -0.974324 0.018370 5.998378 0.974477 0.224476 0.002105 -3.455742 -0.006174 0.017429 0.999829 -0.107362
0.224691 -0.974207 0.020865 6.038994 0.974406 0.224785 0.002288 -3.467761 -0.006919 0.019817 0.999780 -0.103869
0.224009 -0.974339 0.021991 6.083854 0.974564 0.224103 0.001862 -3.483161 -0.006743 0.021015 0.999756 -0.102216
0.224627 -0.974200 0.021827 6.115223 0.974411 0.224751 0.003347 -3.491120 -0.008166 0.020516 0.999756 -0.102650
0.223673 -0.974446 0.020635 6.134083 0.974635 0.223781 0.003038 -3.492353 -0.007578 0.019432 0.999782 -0.102439
0.222989 -0.974632 0.019196 6.178692 0.974807 0.223048 0.000974 -3.503621 -0.005231 0.018495 0.999815 -0.097202
0.222517 -0.974781 0.016945 6.231578 0.974918 0.222562 0.000754 -3.534960 -0.004506 0.016352 0.999856 -0.096772
0.222879 -0.974724 0.015415 6.252198 0.974834 0.222928 0.001506 -3.544944 -0.004904 0.014691 0.999880 -0.093177
0.222569 -0.974772 0.016795 6.289512 0.974904 0.222621 0.001255 -3.541421 -0.004962 0.016095 0.999858 -0.101660
0.222026 -0.974905 0.016283 6.329625 0.975030 0.222072 0.001054 -3.553330 -0.004643 0.015642 0.999867 -0.106325
0.222917 -0.974680 0.017525 6.380341 0.974813 0.223004 0.003126 -3.555473 -0.006955 0.016386 0.999842 -0.102812
0.221655 -0.974945 0.018752 6.401830 0.975092 0.221765 0.004003 -3.567233 -0.008061 0.017398 0.999816 -0.111837
0.221508 -0.974973 0.019010 6.437680 0.975132 0.221603 0.003000 -3.567210 -0.007137 0.017872 0.999815 -0.090407
0.220472 -0.975262 0.015993 6.473489 0.975382 0.220518 0.001130 -3.588233 -0.004628 0.015350 0.999871 -0.089096
0.220014 -0.975409 0.013045 6.510347 0.975487 0.220053 0.001586 -3.603528 -0.004418 0.012376 0.999914 -0.093981
0.219679 -0.975516 0.010477 6.537926 0.975566 0.219704 0.001340 -3.609153 -0.003609 0.009927 0.999944 -0.105334
