0.382585 0.923884 -0.008223 16.258599 -0.914449 0.379919 0.139443 -124.164555 0.131953 -0.045829 0.990196 7.712933
0.365222 0.930816 -0.013921 16.208622 -0.921226 0.363531 0.138518 -124.212035 0.133996 -0.037765 0.990262 7.720706
0.330496 0.943650 -0.017246 16.042101 -0.933633 0.329555 0.140439 -124.243576 0.138209 -0.030313 0.989939 7.726115
0.275582 0.961060 -0.020438 15.784212 -0.951161 0.275696 0.138866 -124.190921 0.139093 -0.018829 0.990100 7.711866
0.205098 0.978520 -0.020811 15.553340 -0.969016 0.206004 0.136275 -124.185608 0.137636 -0.007783 0.990452 7.725096
0.117526 0.992885 -0.019142 15.418163 -0.983631 0.119039 0.135278 -124.089618 0.136595 0.002931 0.990623 7.703447
0.006738 0.999740 -0.021763 15.403995 -0.990582 0.009650 0.136582 -124.288198 0.136757 0.020638 0.990390 7.731955
-0.073900 0.996958 -0.024764 15.164998 -0.988542 -0.069954 0.133755 -124.364023 0.131616 0.034365 0.990705 7.717752
-0.133182 0.990825 -0.022973 14.958022 -0.982968 -0.129093 0.130800 -124.386506 0.126635 0.040003 0.991143 7.726528
-0.172401 0.984801 -0.021095 14.889856 -0.977108 -0.168266 0.130178 -124.274550 0.124650 0.043055 0.991266 7.711692
-0.189925 0.981565 -0.021386 14.851373 -0.973811 -0.185563 0.131373 -124.256365 0.124984 0.045777 0.991102 7.708508
-0.180602 0.983334 -0.020907 14.871555 -0.975255 -0.176282 0.133427 -124.258679 0.127518 0.044487 0.990838 7.710747
-0.199756 0.979653 -0.019443 14.859864 -0.971602 -0.195468 0.133346 -124.243358 0.126833 0.045528 0.990879 7.702833
-0.237368 0.971254 -0.017960 14.755258 -0.963222 -0.232928 0.133969 -124.225326 0.125935 0.049100 0.990823 7.695624
-0.268983 0.963005 -0.016424 14.670349 -0.955184 -0.264534 0.132835 -124.212870 0.123577 0.051419 0.991002 7.693521
-0.297087 0.954706 -0.016596 14.586944 -0.947228 -0.292479 0.131206 -124.185232 0.120409 0.054700 0.991216 7.684956
-0.323218 0.946180 -0.016504 14.510608 -0.938569 -0.318292 0.133339 -124.152676 0.120910 0.058588 0.990933 7.678931
-0.348821 0.937013 -0.018165 14.443554 -0.929703 -0.343524 0.132828 -124.108576 0.118222 0.063222 0.990973 7.669052
-0.374096 0.927236 -0.016852 14.380661 -0.919714 -0.368606 0.135117 -124.080195 0.119074 0.066046 0.990686 7.665876
-0.398190 0.917157 -0.016375 14.319705 -0.909809 -0.392597 0.134594 -124.060557 0.117015 0.068492 0.990766 7.661609
-0.416124 0.909184 -0.015016 14.247805 -0.901835 -0.410535 0.134742 -124.031759 0.116341 0.069612 0.990767 7.659046
-0.432370 0.901577 -0.014688 14.149103 -0.894460 -0.426783 0.133410 -123.990878 0.114011 0.070821 0.990952 7.642462
-0.440608 0.897561 -0.015755 14.071430 -0.890450 -0.434757 0.134480 -123.947941 0.113855 0.073283 0.990791 7.636275
-0.438791 0.898432 -0.016764 13.979174 -0.891580 -0.432967 0.132761 -123.964249 0.112019 0.073201 0.991006 7.637807
-0.435102 0.900248 -0.015482 13.962511 -0.893046 -0.429303 0.134791 -123.893744 0.114699 0.072474 0.990753 7.620202
