0.99977023 -0.00192942 -0.02134880 -0.01777767 0.00230212 0.99984514 0.01744688 -0.11747595 0.02131183 -0.01749202 0.99961985 -0.07372070
0.99977080 -0.00195679 -0.02131921 -0.01780595 0.00233057 0.99984377 0.01752162 -0.11752922 0.02128160 -0.01756729 0.99961917 -0.07262181
0.99976814 -0.00195495 -0.02144412 -0.01762518 0.00233027 0.99984430 0.01749149 -0.11676468 0.02140659 -0.01753741 0.99961703 -0.07355242
0.99977136 -0.00193019 -0.02129571 -0.01756385 0.00230290 0.99984437 0.01749109 -0.11695423 0.02125864 -0.01753614 0.99962021 -0.07370374
0.99977323 -0.00194478 -0.02120622 -0.01863262 0.00231863 0.99984208 0.01761908 -0.11824216 0.02116861 -0.01766425 0.99961986 -0.07378323
0.99977395 -0.00191991 -0.02117444 -0.01913280 0.00229254 0.99984269 0.01758799 -0.11870295 0.02113734 -0.01763256 0.99962108 -0.07352603
0.99977152 -0.00190657 -0.02129041 -0.01826078 0.00227916 0.99984444 0.01748976 -0.11757789 0.02125375 -0.01753428 0.99962034 -0.07363298
0.99976882 -0.00192361 -0.02141517 -0.01851985 0.00229836 0.99984442 0.01748846 -0.11753216 0.02137820 -0.01753364 0.99961770 -0.07388828
0.99976940 -0.00191832 -0.02138848 -0.01728486 0.00229112 0.99984565 0.01741927 -0.11681728 0.02135176 -0.01746426 0.99961948 -0.07399235
0.99976620 -0.00220105 -0.02151060 -0.02347535 0.00257834 0.99984305 0.01752766 -0.11555464 0.02146865 -0.01757902 0.99961496 -0.07144005
0.99977589 -0.00078816 -0.02115558 -0.01839801 0.00116172 0.99984353 0.01765117 -0.11158766 0.02113836 -0.01767179 0.99962037 -0.07496702
0.99977890 -0.00317550 -0.02078617 -0.00958996 0.00349961 0.99987258 0.01557463 -0.09310012 0.02073406 -0.01564393 0.99966263 -0.07693120
0.99978072 -0.00134083 -0.02089748 0.01191570 0.00161938 0.99990999 0.01331846 -0.13394810 0.02087774 -0.01334938 0.99969291 -0.07141937
0.99977723 0.00204785 -0.02100710 -0.01129472 -0.00175873 0.99990361 0.01377221 -0.15493814 0.02103328 -0.01373220 0.99968446 -0.07038183
0.99970493 0.01019094 -0.02204990 -0.02959785 -0.00992637 0.99987782 0.01207493 -0.16908695 0.02217026 -0.01185249 0.99968395 -0.06816027
0.99959803 0.01777550 -0.02208652 -0.02672314 -0.01750073 0.99976781 0.01257210 -0.16652717 0.02230487 -0.01218051 0.99967701 -0.07079069
0.99927658 0.03063328 -0.02253717 -0.01169851 -0.03038649 0.99947534 0.01121224 -0.17950965 0.02286882 -0.01051931 0.99968313 -0.07029462
0.99890010 0.04170120 -0.02143831 -0.01328484 -0.04145869 0.99907247 0.01163499 -0.20343977 0.02190362 -0.01073339 0.99970247 -0.07131638
0.99847407 0.05014073 -0.02313967 -0.02340207 -0.04988995 0.99869090 0.01129069 -0.19250620 0.02367550 -0.01011903 0.99966848 -0.06853916
0.99798064 0.05941275 -0.02246710 -0.02790203 -0.05917016 0.99818381 0.01131283 -0.19878469 0.02309843 -0.00996060 0.99968357 -0.07016337
0.99737180 0.06863767 -0.02320283 -0.03113487 -0.06840246 0.99759952 0.01078437 -0.21214930 0.02388734 -0.00916890 0.99967261 -0.07042602
0.99664433 0.07822317 -0.02410862 -0.01954989 -0.07799290 0.99690019 0.01034933 -0.22059931 0.02484345 -0.00843430 0.99965577 -0.06598896
0.99584835 0.08772852 -0.02428507 -0.03872055 -0.08747817 0.99610361 0.01118832 -0.23616510 0.02517198 -0.00901745 0.99964246 -0.07047890
0.99466616 0.09984871 -0.02587399 -0.03536958 -0.09960428 0.99497096 0.01057275 -0.23131780 0.02679954 -0.00793920 0.99960930 -0.06736571
0.99363356 0.10979760 -0.02523568 -0.02816041 -0.10952756 0.99391313 0.01184912 -0.23299457 0.02638308 -0.00900968 0.99961130 -0.06816366
0.99208280 0.12312781 -0.02472374 -0.03687325 -0.12288629 0.99235904 0.01106746 -0.26701588 0.02589754 -0.00794163 0.99963306 -0.06508432
0.98970870 0.14057937 -0.02672335 -0.05508380 -0.14029378 0.99003368 0.01228651 -0.33043450 0.02818425 -0.00841094 0.99956736 -0.06376938
0.98853823 0.14866144 -0.02630493 -0.05597736 -0.14838029 0.98885330 0.01234627 -0.32650247 0.02784713 -0.00830163 0.99957772 -0.07298022
0.98837585 0.14983122 -0.02576397 -0.05540553 -0.14960275 0.98868949 0.01058846 -0.32654984 0.02705905 -0.00661102 0.99961198 -0.06976168
0.98830851 0.15021747 -0.02609586 -0.06031772 -0.14998929 0.98863183 0.01050284 -0.34810628 0.02737691 -0.00646595 0.99960427 -0.06742713
0.98825987 0.15080987 -0.02447049 -0.07599850 -0.15061969 0.98854663 0.00944780 -0.40498852 0.02561504 -0.00565114 0.99965591 -0.06987853
0.98817266 0.15172103 -0.02226030 -0.08128423 -0.15154128 0.98840469 0.00956068 -0.44259784 0.02345274 -0.00607424 0.99970649 -0.06606810
0.98788307 0.15339288 -0.02361487 -0.07839697 -0.15319364 0.98814521 0.01003785 -0.45273336 0.02487465 -0.00629858 0.99967074 -0.06854599
0.98789218 0.15361484 -0.02171462 -0.07139496 -0.15342476 0.98810796 0.01017391 -0.47014647 0.02301925 -0.00671916 0.99971244 -0.06751950
0.98782759 0.15391821 -0.02249075 -0.08000046 -0.15367415 0.98804608 0.01221474 -0.50286685 0.02410197 -0.00860981 0.99967243 -0.06746830
0.98778936 0.15416404 -0.02248609 -0.08442518 -0.15390611 0.98800266 0.01279291 -0.53151080 0.02418852 -0.00917595 0.99966530 -0.07019837
0.98776275 0.15430963 -0.02265568 -0.10053416 -0.15405673 0.98798263 0.01252389 -0.58158834 0.02431597 -0.00888038 0.99966488 -0.06840001
0.98772451 0.15437744 -0.02383059 -0.10039898 -0.15402953 0.98793969 0.01581373 -0.59323708 0.02598447 -0.01194899 0.99959093 -0.06822188
0.98759637 0.15517088 -0.02398773 -0.11469043 -0.15481332 0.98781226 0.01611765 -0.62796984 0.02619637 -0.01220411 0.99958232 -0.07222847
0.98752772 0.15561473 -0.02393856 -0.09951944 -0.15527712 0.98775122 0.01538018 -0.65092585 0.02603872 -0.01147125 0.99959512 -0.06861173
0.98778915 0.15377653 -0.02500749 -0.11509264 -0.15339251 0.98802552 0.01662236 -0.67765036 0.02726416 -0.01258342 0.99954906 -0.07103054
0.98739777 0.15632771 -0.02464320 -0.12291990 -0.15593733 0.98761979 0.01705021 -0.73028469 0.02700353 -0.01299254 0.99955090 -0.06854358
0.98775333 0.15402321 -0.02490407 -0.13754999 -0.15360826 0.98797138 0.01780631 -0.74235921 0.02734709 -0.01376277 0.99953125 -0.07029664
0.98754991 0.15541502 -0.02431770 -0.13292883 -0.15499699 0.98774666 0.01823376 -0.78213678 0.02685353 -0.01423758 0.99953798 -0.06650480
0.98761123 0.15504190 -0.02420889 -0.14525613 -0.15461680 0.98780030 0.01855313 -0.80429068 0.02679007 -0.01458017 0.99953475 -0.07222627
0.98639828 0.16265368 -0.02371123 -0.15008024 -0.16222567 0.98657094 0.01898976 -0.87556936 0.02648157 -0.01488489 0.99953848 -0.06658008
0.98604768 0.16474410 -0.02386101 -0.16485970 -0.16429326 0.98621331 0.01977438 -0.90009578 0.02678976 -0.01557828 0.99951970 -0.06609974
0.98589973 0.16557519 -0.02421932 -0.16032107 -0.16512306 0.98607776 0.01962201 -0.92191732 0.02713105 -0.01534617 0.99951408 -0.06413091
0.98619866 0.16391802 -0.02330414 -0.17591244 -0.16345469 0.98633626 0.02057539 -0.95532801 0.02635840 -0.01648226 0.99951667 -0.06747555
0.98612618 0.16443671 -0.02270945 -0.18673597 -0.16402838 0.98627613 0.01881706 -1.00191480 0.02549200 -0.01483100 0.99956500 -0.06532811
0.98582476 0.16627624 -0.02239976 -0.19035804 -0.16589647 0.98598116 0.01787472 -1.05391797 0.02505789 -0.01390530 0.99958929 -0.06730894
0.98609194 0.16456489 -0.02326123 -0.18740067 -0.16422151 0.98629394 0.01598608 -1.07903062 0.02557316 -0.01194375 0.99960160 -0.06633671
0.98600973 0.16498467 -0.02376699 -0.19394681 -0.16464268 0.98622824 0.01570482 -1.12458739 0.02603073 -0.01157205 0.99959416 -0.06460693
0.98621859 0.16372644 -0.02380231 -0.21315809 -0.16337671 0.98643441 0.01597516 -1.15693315 0.02609497 -0.01186625 0.99958904 -0.06318330
0.98613933 0.16427014 -0.02333558 -0.22521144 -0.16394577 0.98635215 0.01520570 -1.20089089 0.02551494 -0.01116917 0.99961204 -0.06711454
0.98616614 0.16427345 -0.02214881 -0.21742155 -0.16397010 0.98635290 0.01489189 -1.23465929 0.02429288 -0.01105413 0.99964377 -0.06387725
0.98649539 0.16237574 -0.02147004 -0.22638175 -0.16210337 0.98667613 0.01388188 -1.26679344 0.02343806 -0.01021404 0.99967311 -0.06530364
0.98640119 0.16292383 -0.02164516 -0.23255880 -0.16265461 0.98658828 0.01367663 -1.30378578 0.02358311 -0.00996996 0.99967216 -0.06485358
0.98631006 0.16354028 -0.02114349 -0.24091847 -0.16331248 0.98650022 0.01209729 -1.34843216 0.02283645 -0.00847868 0.99970326 -0.06426601
0.98641447 0.16274382 -0.02238190 -0.24260870 -0.16251099 0.98663536 0.01186769 -1.38330857 0.02401417 -0.00806916 0.99967905 -0.06000970
0.98652115 0.16176798 -0.02464010 -0.25902683 -0.16150503 0.98679492 0.01232489 -1.42634583 0.02630850 -0.00817927 0.99962041 -0.06056797
0.98644092 0.16218741 -0.02509082 -0.27070794 -0.16191030 0.98672348 0.01272108 -1.46657731 0.02682090 -0.00848613 0.99960423 -0.06116043
0.98664028 0.16084943 -0.02585365 -0.28103835 -0.16056723 0.98694374 0.01265756 -1.49593980 0.02755206 -0.00833721 0.99958560 -0.06126222
0.98643837 0.16212144 -0.02561207 -0.27991024 -0.16182025 0.98672874 0.01343845 -1.53786001 0.02745083 -0.00911165 0.99958163 -0.06166547
0.98667313 0.16081972 -0.02476194 -0.29517885 -0.16050550 0.98693270 0.01420652 -1.57411723 0.02672306 -0.01004276 0.99959243 -0.06312292
0.98667660 0.16104995 -0.02306937 -0.29716267 -0.16074427 0.98688876 0.01455534 -1.61138848 0.02511104 -0.01065315 0.99962790 -0.06204874
0.98667005 0.16122448 -0.02211057 -0.30662006 -0.16093066 0.98685932 0.01449163 -1.65454826 0.02415643 -0.01074018 0.99965050 -0.06283327
0.98668117 0.16118527 -0.02189914 -0.30361184 -0.16090668 0.98687104 0.01394943 -1.69033755 0.02386007 -0.01023992 0.99966286 -0.06153844
0.98684144 0.16020957 -0.02183743 -0.31882431 -0.15993542 0.98703127 0.01378138 -1.72949757 0.02376213 -0.01010746 0.99966654 -0.06329237
0.98675899 0.16077346 -0.02141468 -0.32551156 -0.16048422 0.98693022 0.01461353 -1.76630031 0.02348426 -0.01098331 0.99966387 -0.06170104
0.98692974 0.15983790 -0.02053139 -0.33164507 -0.15955631 0.98707937 0.01470050 -1.80211091 0.02261581 -0.01123245 0.99968113 -0.06291405
0.98700683 0.15933942 -0.02069942 -0.33526609 -0.15905141 0.98715792 0.01489602 -1.83722697 0.02280712 -0.01141020 0.99967477 -0.06213919
0.98706916 0.15873650 -0.02229768 -0.32929413 -0.15843893 0.98726167 0.01454325 -1.87154218 0.02432219 -0.01082237 0.99964559 -0.05622263
0.98704814 0.15840859 -0.02535123 -0.35699544 -0.15804479 0.98730592 0.01577540 -1.92999451 0.02752838 -0.01156445 0.99955413 -0.06074769
0.98724999 0.15723062 -0.02481919 -0.37659540 -0.15683663 0.98747640 0.01710660 -1.95770167 0.02719805 -0.01299593 0.99954558 -0.05648693
0.98744637 0.15605098 -0.02444922 -0.37067871 -0.15564709 0.98765513 0.01764443 -1.98728207 0.02690083 -0.01361748 0.99954535 -0.06026577
0.98804311 0.15235777 -0.02362041 -0.37095778 -0.15196567 0.98822905 0.01760061 -2.02813882 0.02602397 -0.01380067 0.99956605 -0.05944407
0.98845464 0.14966304 -0.02363035 -0.38528916 -0.14925423 0.98863102 0.01821744 -2.07044057 0.02608817 -0.01448018 0.99955477 -0.05630182
0.98896036 0.14634121 -0.02327367 -0.39005464 -0.14591057 0.98911060 0.01924368 -2.10520197 0.02583638 -0.01563536 0.99954390 -0.05420695
0.98973806 0.14092887 -0.02361416 -0.39962420 -0.14046308 0.98987675 0.02035034 -2.13591226 0.02624305 -0.01682459 0.99951400 -0.05276457
0.99031841 0.13676360 -0.02377318 -0.40413073 -0.13626423 0.99043926 0.02149740 -2.16817713 0.02648596 -0.01804984 0.99948622 -0.05392425
0.99078312 0.13357345 -0.02251544 -0.40701405 -0.13310268 0.99087427 0.02125672 -2.21072904 0.02514931 -0.01806393 0.99952049 -0.05467518
0.99125087 0.12995676 -0.02308583 -0.41886363 -0.12947809 0.99135673 0.02114864 -2.23406149 0.02563470 -0.01797449 0.99950977 -0.05570049
0.99155962 0.12771497 -0.02232489 -0.41419394 -0.12732657 0.99169685 0.01803595 -2.27405497 0.02444298 -0.01504116 0.99958807 -0.06060744
0.99232063 0.12157096 -0.02280925 -0.41687922 -0.12122949 0.99249868 0.01580465 -2.31436070 0.02455954 -0.01291812 0.99961490 -0.05812019
0.99314345 0.11442899 -0.02391831 -0.40856994 -0.11414132 0.99337855 0.01306954 -2.35208204 0.02525547 -0.01024986 0.99962848 -0.05308615
0.99402912 0.10534997 -0.02841646 -0.43711612 -0.10498868 0.99437593 0.01392404 -2.39560409 0.02972355 -0.01085750 0.99949919 -0.05373738
0.99447588 0.10106720 -0.02833967 -0.45247108 -0.10078283 0.99484436 0.01129287 -2.43917734 0.02933490 -0.00837433 0.99953456 -0.05723849
0.99516729 0.09404884 -0.02822923 -0.45169415 -0.09380412 0.99554170 0.00987478 -2.47278450 0.02903209 -0.00717904 0.99955270 -0.06051991
0.99588342 0.08627348 -0.02780486 -0.44933292 -0.08608699 0.99625679 0.00783791 -2.50892457 0.02837698 -0.00541201 0.99958264 -0.05824119
0.99685820 0.07417825 -0.02777258 -0.44641853 -0.07408497 0.99724234 0.00437412 -2.53199996 0.02802045 -0.00230285 0.99960470 -0.05608965
0.99761951 0.06298446 -0.02807632 -0.45077610 -0.06296638 0.99801448 0.00152842 -2.58836639 0.02811684 0.00024309 0.99960461 -0.05562449
0.99828796 0.05061641 -0.02931076 -0.45421067 -0.05060645 0.99871809 0.00108198 -2.63772430 0.02932795 0.00040319 0.99956976 -0.04777153
0.99866746 0.04067625 -0.03176086 -0.44793887 -0.04064778 0.99917235 0.00154184 -2.68560213 0.03179728 -0.00024878 0.99949431 -0.05189160
0.99912673 0.02639392 -0.03239047 -0.45564211 -0.02627442 0.99964632 0.00410949 -2.69762099 0.03248748 -0.00325486 0.99946684 -0.05095075
0.99927291 0.01718217 -0.03403556 -0.46859642 -0.01702751 0.99984336 0.00482879 -2.73494601 0.03411320 -0.00424573 0.99940896 -0.05030290
0.99940561 0.01210465 -0.03227863 -0.47525746 -0.01193923 0.99991461 0.00531239 -2.78582407 0.03234018 -0.00492385 0.99946479 -0.05497773
0.99945963 0.01016490 -0.03125885 -0.47775393 -0.00996663 0.99992926 0.00649201 -2.82989600 0.03132263 -0.00617696 0.99949024 -0.05404308
0.99951779 0.00952083 -0.02955588 -0.46523821 -0.00936430 0.99994141 0.00542998 -2.86703946 0.02960584 -0.00515059 0.99954838 -0.05202874
0.99952878 0.00879440 -0.02940886 -0.45786855 -0.00860838 0.99994217 0.00644593 -2.89577370 0.02946385 -0.00618973 0.99954668 -0.05525634
0.99957747 0.00640028 -0.02835341 -0.46754305 -0.00623033 0.99996212 0.00607838 -2.93001818 0.02839124 -0.00589916 0.99957948 -0.05380113
0.99956910 0.00538731 -0.02885458 -0.47678935 -0.00522298 0.99996973 0.00576761 -2.98381127 0.02888478 -0.00561442 0.99956698 -0.05129624
0.99958901 0.00378329 -0.02841642 -0.48778904 -0.00360160 0.99997276 0.00644242 -3.02491760 0.02844002 -0.00633743 0.99957541 -0.05490202
0.99964292 0.00328228 -0.02651913 -0.46881925 -0.00302858 0.99994932 0.00960104 -3.05997606 0.02654930 -0.00951730 0.99960220 -0.04819653
0.99959618 0.00330990 -0.02822276 -0.46348440 -0.00287211 0.99987514 0.01553857 -3.09490653 0.02827067 -0.01545124 0.99948088 -0.05199265
0.99969978 0.00178694 -0.02443670 -0.45575929 -0.00139333 0.99986917 0.01611509 -3.12092317 0.02446230 -0.01607621 0.99957148 -0.05629760
0.99969419 0.00131031 -0.02469415 -0.46324665 -0.00082764 0.99980862 0.01954596 -3.17171992 0.02471503 -0.01951955 0.99950395 -0.03630008
0.99955504 -0.00204609 -0.02975805 -0.46440382 0.00263805 0.99979916 0.01986673 -3.17056103 0.02971143 -0.01993640 0.99935968 -0.05133271
0.99965435 -0.00350769 -0.02605534 -0.48089563 0.00383910 0.99991223 0.01268036 -3.22706345 0.02600857 -0.01277600 0.99958008 -0.05745742
0.99967659 -0.00453662 -0.02502274 -0.47633647 0.00475902 0.99994964 0.00883580 -3.27747110 0.02498140 -0.00895202 0.99964783 -0.05305945
0.99966325 -0.00268994 -0.02581005 -0.47894609 0.00294720 0.99994631 0.00993456 -3.34723488 0.02578194 -0.01000728 0.99961750 -0.04657692
0.99957336 -0.00197610 -0.02914102 -0.45441944 0.00236514 0.99990846 0.01332189 -3.35916873 0.02911203 -0.01338513 0.99948653 -0.04888087
0.99955751 -0.00212171 -0.02966955 -0.47266711 0.00254383 0.99989599 0.01419668 -3.39943161 0.02963634 -0.01426588 0.99945894 -0.05192900
0.99954430 -0.00132754 -0.03015689 -0.47108086 0.00174998 0.99990066 0.01398607 -3.42373874 0.03013533 -0.01403247 0.99944732 -0.05025782
0.99951977 -0.00230859 -0.03090149 -0.49673283 0.00274770 0.99989575 0.01417509 -3.47672380 0.03086554 -0.01425319 0.99942192 -0.05106962
0.99952899 -0.00150109 -0.03065213 -0.47845195 0.00194444 0.99989386 0.01443931 -3.51128577 0.03062720 -0.01449211 0.99942581 -0.04420270
0.99966695 -0.00455096 -0.02540251 -0.51028886 0.00499467 0.99983559 0.01743092 -3.54254079 0.02531901 -0.01755199 0.99952532 -0.04498827
0.99980271 -0.00143023 -0.01981152 -0.46198650 0.00187881 0.99974186 0.02264261 -3.58558511 0.01977403 -0.02267537 0.99954731 -0.04961368
0.99982868 -0.00587576 -0.01755218 -0.47773567 0.00627198 0.99972480 0.02260504 -3.61779204 0.01741453 -0.02271125 0.99959038 -0.04642977
0.99986849 -0.00385837 -0.01575186 -0.48036391 0.00421091 0.99974002 0.02240899 -3.66743877 0.01566130 -0.02247237 0.99962479 -0.04581667
0.99987313 -0.00269396 -0.01569918 -0.47622025 0.00306010 0.99972278 0.02334509 -3.70681254 0.01563193 -0.02339017 0.99960419 -0.04153887
0.99979401 -0.00701547 -0.01904546 -0.45578114 0.00745919 0.99970005 0.02332765 -3.71625251 0.01887610 -0.02346491 0.99954644 -0.04604279
0.99974523 -0.00854468 -0.02089172 -0.47640173 0.00901642 0.99970412 0.02259141 -3.75521677 0.02069250 -0.02277403 0.99952647 -0.04774385
0.99969019 -0.00538994 -0.02429974 -0.49896530 0.00579267 0.99984653 0.01653366 -3.81669282 0.02420690 -0.01666930 0.99956799 -0.04194777
0.99964353 -0.00456851 -0.02630467 -0.49910712 0.00493808 0.99988978 0.01400151 -3.87019482 0.02623781 -0.01412641 0.99955591 -0.04698021
0.99961639 -0.00829326 -0.02642528 -0.47964376 0.00863085 0.99988227 0.01268675 -3.88448763 0.02631695 -0.01290995 0.99957028 -0.04779527
0.99958248 -0.01153604 -0.02649121 -0.45546032 0.01183467 0.99986787 0.01114362 -3.92031738 0.02635916 -0.01145249 0.99958693 -0.04590672
0.99950293 -0.01420051 -0.02814690 -0.49831960 0.01447953 0.99984778 0.00973412 -3.98047484 0.02800439 -0.01013683 0.99955640 -0.05109637
0.99954128 -0.01339637 -0.02716198 -0.51644878 0.01364163 0.99986766 0.00886430 -4.03484245 0.02703963 -0.00923076 0.99959174 -0.04607322
0.99953000 -0.01159207 -0.02837945 -0.47333766 0.01189819 0.99987259 0.01064149 -4.06325913 0.02825248 -0.01097416 0.99954058 -0.04547865
0.99952027 -0.01347217 -0.02788781 -0.47398572 0.01377718 0.99984704 0.01077403 -4.10249625 0.02773840 -0.01115307 0.99955300 -0.04274728
0.99944641 -0.01355684 -0.03038233 -0.46547197 0.01393074 0.99982940 0.01212870 -4.12669330 0.03021272 -0.01254523 0.99946476 -0.03630317
0.99930530 -0.01549770 -0.03389307 -0.49983540 0.01598968 0.99976999 0.01429315 -4.17115742 0.03366377 -0.01482516 0.99932325 -0.03392251
0.99930472 -0.01758519 -0.03287609 -0.51327524 0.01799463 0.99976365 0.01220003 -4.19959348 0.03265378 -0.01278314 0.99938497 -0.04494203
0.99944883 -0.01506284 -0.02958277 -0.48553887 0.01537567 0.99982795 0.01037585 -4.25955670 0.02942139 -0.01082498 0.99950848 -0.04739846
0.99937928 -0.01749416 -0.03057786 -0.48544288 0.01782617 0.99978471 0.01061911 -4.29168757 0.03038551 -0.01115761 0.99947598 -0.03906874
0.99940578 -0.01735186 -0.02978242 -0.49625421 0.01766939 0.99978946 0.01043198 -4.32842809 0.02959514 -0.01095202 0.99950197 -0.04110390
0.99942992 -0.01829363 -0.02837565 -0.50531677 0.01862216 0.99976209 0.01135700 -4.36312200 0.02816114 -0.01187894 0.99953281 -0.04245490
0.99951233 -0.01552724 -0.02709241 -0.49374496 0.01583580 0.99981174 0.01121221 -4.41572409 0.02691322 -0.01163577 0.99957005 -0.04066803
0.99955135 -0.01639010 -0.02506906 -0.49764168 0.01671206 0.99977984 0.01268759 -4.44574229 0.02485559 -0.01310085 0.99960521 -0.04210004
0.99962611 -0.01494525 -0.02289720 -0.48941155 0.01528930 0.99977171 0.01492504 -4.49093044 0.02266891 -0.01526955 0.99962641 -0.03761547
0.99966023 -0.01521353 -0.02116522 -0.47807032 0.01557194 0.99973637 0.01687324 -4.52347456 0.02090294 -0.01719709 0.99963360 -0.04039330
0.99962404 -0.01728682 -0.02128262 -0.49494272 0.01765189 0.99969819 0.01708638 -4.55489773 0.02098083 -0.01745563 0.99962748 -0.04281404
0.99957566 -0.01754269 -0.02325426 -0.48518245 0.01788818 0.99973144 0.01473327 -4.58828858 0.02298955 -0.01514299 0.99962101 -0.03952821
0.99946144 -0.02001113 -0.02600749 -0.50005034 0.02038865 0.99968939 0.01433274 -4.63842410 0.02571260 -0.01485528 0.99955899 -0.04111674
0.99948417 -0.01816430 -0.02648480 -0.48940578 0.01854166 0.99972905 0.01407264 -4.68287064 0.02622201 -0.01455646 0.99955016 -0.03468208
0.99942697 -0.01903064 -0.02799242 -0.50010280 0.01943707 0.99970854 0.01431932 -4.72063950 0.02771176 -0.01485521 0.99950557 -0.03564778
0.99935102 -0.01946804 -0.03030725 -0.49173301 0.01986958 0.99971800 0.01300488 -4.73350774 0.03004552 -0.01359863 0.99945602 -0.03798489
0.99930462 -0.01953583 -0.03175876 -0.50387855 0.01989952 0.99973952 0.01117605 -4.78986172 0.03153215 -0.01180026 0.99943308 -0.04375366
0.99931788 -0.01856002 -0.03192662 -0.49709757 0.01890410 0.99976607 0.01050938 -4.82926931 0.03172410 -0.01110576 0.99943496 -0.03312422
0.99936775 -0.01803472 -0.03064080 -0.49754522 0.01839715 0.99976361 0.01158776 -4.88805082 0.03042458 -0.01214414 0.99946329 -0.03675253
0.99930204 -0.01999096 -0.03155630 -0.50015124 0.02036355 0.99972615 0.01153009 -4.90166342 0.03131716 -0.01216464 0.99943547 -0.03895520
0.99930440 -0.01997359 -0.03149242 -0.48579997 0.02030860 0.99974015 0.01035378 -4.94800386 0.03127744 -0.01098615 0.99945036 -0.03631059
0.99925339 -0.02166426 -0.03198955 -0.50730336 0.02205184 0.99968703 0.01181325 -4.99159409 0.03172361 -0.01250986 0.99941839 -0.03601385
0.99920535 -0.02206191 -0.03319560 -0.49289110 0.02247785 0.99967278 0.01220948 -5.02183979 0.03291537 -0.01294595 0.99937429 -0.03448763
0.99917990 -0.02395344 -0.03264606 -0.49637092 0.02439063 0.99961719 0.01306004 -5.05879774 0.03232073 -0.01384559 0.99938164 -0.03657721
0.99909973 -0.02480698 -0.03441422 -0.51543530 0.02516427 0.99963343 0.00998814 -5.09685119 0.03415383 -0.01084516 0.99935774 -0.04086260
0.99919645 -0.02300552 -0.03282076 -0.49714518 0.02332571 0.99968366 0.00940646 -5.14932846 0.03259398 -0.01016447 0.99941699 -0.03613330
0.99907455 -0.02652947 -0.03385603 -0.50609108 0.02686715 0.99959331 0.00955829 -5.18426830 0.03358868 -0.01045906 0.99938101 -0.03586347
0.99901281 -0.02915635 -0.03351589 -0.49016209 0.02949816 0.99951729 0.00974960 -5.20804618 0.03321545 -0.01072863 0.99939063 -0.03581113
0.99899975 -0.03102259 -0.03220392 -0.49778634 0.03132555 0.99946920 0.00894587 -5.26949418 0.03190930 -0.00994573 0.99944128 -0.03545374
0.99889759 -0.03340520 -0.03298036 -0.50764089 0.03377055 0.99937357 0.01058342 -5.31496792 0.03260616 -0.01168552 0.99939996 -0.03353771
0.99875838 -0.03580236 -0.03463931 -0.50404525 0.03629726 0.99924623 0.01376524 -5.34852070 0.03412037 -0.01500546 0.99930508 -0.03407988
0.99843990 -0.04328340 -0.03527492 -0.49436451 0.04380252 0.99894101 0.01407848 -5.36597208 0.03462820 -0.01560165 0.99927848 -0.03607176
0.99804754 -0.05113763 -0.03586155 -0.50042384 0.05164933 0.99857417 0.01348994 -5.40643335 0.03512057 -0.01531583 0.99926572 -0.03760357
0.99761329 -0.05981523 -0.03449431 -0.50118276 0.06030880 0.99808915 0.01344945 -5.45571366 0.03362392 -0.01549766 0.99931439 -0.03681027
0.99701075 -0.06948313 -0.03378854 -0.48706360 0.06996857 0.99745917 0.01340198 -5.49404393 0.03277148 -0.01572606 0.99933914 -0.03733475
0.99591516 -0.08341618 -0.03456484 -0.46667084 0.08399626 0.99634266 0.01568228 -5.49702956 0.03313026 -0.01852153 0.99927941 -0.03234382
0.99553659 -0.08684946 -0.03693326 -0.48729379 0.08756367 0.99599305 0.01817821 -5.55901199 0.03520650 -0.02133108 0.99915238 -0.03307978
0.99555118 -0.08730894 -0.03542585 -0.50033881 0.08800285 0.99594800 0.01852241 -5.61459499 0.03366513 -0.02155758 0.99920065 -0.03426681
0.99554894 -0.08782891 -0.03418170 -0.49463339 0.08852151 0.99588721 0.01930279 -5.64621006 0.03234578 -0.02224269 0.99922921 -0.03675080
0.99557379 -0.08807360 -0.03280049 -0.46402607 0.08876153 0.99584926 0.02014048 -5.66683397 0.03089050 -0.02296276 0.99925897 -0.03698173
0.99553642 -0.08956994 -0.02973999 -0.46699122 0.09017461 0.99573206 0.01965186 -5.71392721 0.02785285 -0.02224593 0.99936447 -0.03639479
0.99543885 -0.09109254 -0.02834871 -0.47938233 0.09165691 0.99560384 0.01928725 -5.75765330 0.02646716 -0.02179763 0.99941200 -0.03251729
0.99532800 -0.09244543 -0.02785709 -0.46369070 0.09299778 0.99548062 0.01922887 -5.79318469 0.02595358 -0.02172968 0.99942695 -0.03202216
0.99511435 -0.09478800 -0.02761647 -0.47071113 0.09531403 0.99527727 0.01839566 -5.83795765 0.02574236 -0.02093803 0.99944931 -0.03074332
0.99494315 -0.09674041 -0.02700785 -0.44857842 0.09725466 0.99508902 0.01842215 -5.85493338 0.02509305 -0.02095564 0.99946546 -0.03579886
0.99502678 -0.09592513 -0.02683440 -0.45767233 0.09635931 0.99522777 0.01538094 -5.91327594 0.02523092 -0.01789020 0.99952156 -0.03318878
0.99501996 -0.09594698 -0.02700845 -0.45475653 0.09637270 0.99523340 0.01492584 -5.94717996 0.02544762 -0.01745438 0.99952377 -0.02864216
0.99517609 -0.09483948 -0.02510013 -0.47120907 0.09525403 0.99532652 0.01586788 -5.99504166 0.02347793 -0.01818222 0.99955900 -0.02801127
0.99539600 -0.09295068 -0.02338734 -0.42774098 0.09335278 0.99549252 0.01673031 -6.00588493 0.02172683 -0.01883656 0.99958648 -0.03057482
0.99542178 -0.09309207 -0.02166433 -0.44856281 0.09339440 0.99553919 0.01338683 -6.05756624 0.02032149 -0.01534887 0.99967567 -0.03328960
0.99569589 -0.09050091 -0.01998219 -0.45478615 0.09071926 0.99582320 0.01030362 -6.09502716 0.01896624 -0.01207204 0.99974724 -0.03493304
0.99587631 -0.08834444 -0.02063089 -0.43823897 0.08854570 0.99603098 0.00905279 -6.14128923 0.01974924 -0.01084223 0.99974617 -0.02612013
0.99615215 -0.08478211 -0.02220119 -0.44587749 0.08502245 0.99632771 0.01011319 -6.17831841 0.02126224 -0.01196187 0.99970237 -0.03051597
0.99667581 -0.07940517 -0.01822491 -0.43406633 0.07955910 0.99679899 0.00788161 -6.22297728 0.01754073 -0.00930537 0.99980285 -0.02707991
0.99690593 -0.07634386 -0.01871320 -0.43308169 0.07651905 0.99702901 0.00883052 -6.26171947 0.01798345 -0.01023511 0.99978590 -0.02708783
0.99713714 -0.07335378 -0.01835051 -0.42950180 0.07351662 0.99725894 0.00836124 -6.29361425 0.01768689 -0.00968637 0.99979665 -0.02426546
0.99735151 -0.07026817 -0.01877105 -0.41753741 0.07043880 0.99747913 0.00858807 -6.32961783 0.01812026 -0.00988754 0.99978692 -0.02349318
0.99757433 -0.06714244 -0.01836696 -0.42855460 0.06732926 0.99768318 0.00974906 -6.37777954 0.01766983 -0.01096205 0.99978378 -0.02582808
0.99777869 -0.06371820 -0.01943376 -0.42648551 0.06393335 0.99789726 0.01065731 -6.41605238 0.01871383 -0.01187610 0.99975435 -0.02355868
0.99797539 -0.06032536 -0.02014872 -0.42634504 0.06058706 0.99808288 0.01264025 -6.44974907 0.01934757 -0.01383541 0.99971709 -0.02068054
0.99823808 -0.05593971 -0.01978593 -0.42347457 0.05623574 0.99830877 0.01473548 -6.49041704 0.01892817 -0.01582219 0.99969565 -0.02674237
0.99851843 -0.05102407 -0.01890732 -0.42593853 0.05130304 0.99857677 0.01457538 -6.53401563 0.01813672 -0.01552379 0.99971500 -0.02425261
0.99867263 -0.04830423 -0.01787938 -0.40545606 0.04860018 0.99868193 0.01650544 -6.56550188 0.01705853 -0.01735247 0.99970391 -0.02550890
0.99880237 -0.04456359 -0.02019699 -0.40206573 0.04493072 0.99882605 0.01810370 -6.60131544 0.01936651 -0.01898949 0.99963210 -0.02397904
0.99892611 -0.04077899 -0.02199326 -0.43813892 0.04118020 0.99898762 0.01810866 -6.64587520 0.02123254 -0.01899490 0.99959410 -0.02311742
0.99904522 -0.03700638 -0.02322016 -0.42492397 0.03740308 0.99915753 0.01688907 -6.66798998 0.02257559 -0.01774145 0.99958771 -0.02275372
0.99921163 -0.03233657 -0.02303197 -0.40607958 0.03273182 0.99931966 0.01699571 -6.72162241 0.02246671 -0.01773619 0.99959025 -0.02352372
0.99931172 -0.02750418 -0.02489172 -0.43941265 0.02789315 0.99949202 0.01541672 -6.76548279 0.02445506 -0.01610042 0.99957127 -0.02247058
0.99943601 -0.02432674 -0.02314880 -0.41628512 0.02468925 0.99957493 0.01550511 -6.77897913 0.02276177 -0.01606790 0.99961179 -0.02687322
0.99956804 -0.01787726 -0.02332657 -0.43846954 0.01820484 0.99973755 0.01390728 -6.84374583 0.02307183 -0.01432593 0.99963116 -0.02884513
0.99970009 -0.01323920 -0.02060244 -0.42308321 0.01349933 0.99983026 0.01253877 -6.88020309 0.02043294 -0.01281313 0.99970912 -0.02499356
0.99974814 -0.01331933 -0.01806223 -0.43000266 0.01352053 0.99984738 0.01106374 -6.90672497 0.01791211 -0.01130516 0.99977565 -0.03038761
0.99975235 -0.01198324 -0.01875218 -0.40114899 0.01217488 0.99987448 0.01013907 -6.94529329 0.01862832 -0.01036487 0.99977275 -0.02497046
0.99973266 -0.01390541 -0.01847277 -0.44714150 0.01410380 0.99984379 0.01065295 -6.99482890 0.01832176 -0.01091064 0.99977261 -0.02442905
0.99977030 -0.01068976 -0.01857604 -0.40268050 0.01091388 0.99986837 0.01200565 -7.03388002 0.01844526 -0.01220563 0.99975537 -0.01876026
0.99972399 -0.01320020 -0.01943441 -0.44233984 0.01345709 0.99982301 0.01314740 -7.08198398 0.01925742 -0.01340531 0.99972469 -0.02365527
0.99973128 -0.01308858 -0.01913281 -0.38370354 0.01334869 0.99981935 0.01353073 -7.09426761 0.01895226 -0.01378249 0.99972539 -0.02167005
0.99962467 -0.01521025 -0.02278503 -0.41675251 0.01556560 0.99975870 0.01550032 -7.15558165 0.02254377 -0.01584917 0.99962022 -0.01805481
0.99960378 -0.01323478 -0.02484181 -0.42462558 0.01368411 0.99974424 0.01800552 -7.19307303 0.02459715 -0.01833833 0.99952923 -0.01486418
0.99959807 -0.01410817 -0.02458972 -0.44323698 0.01460459 0.99969076 0.02012674 -7.22392739 0.02429816 -0.02047778 0.99949500 -0.02042634
0.99964672 -0.01068164 -0.02433785 -0.40208757 0.01112258 0.99977513 0.01805466 -7.27166449 0.02413952 -0.01831898 0.99954074 -0.01492620
0.99958470 -0.01536824 -0.02437720 -0.43775152 0.01589814 0.99963823 0.02169472 -7.30241081 0.02403497 -0.02207327 0.99946740 -0.02023434
0.99965423 -0.01431317 -0.02205777 -0.42417581 0.01481225 0.99963415 0.02263114 -7.32885243 0.02172578 -0.02295004 0.99950052 -0.01957679
0.99962674 -0.01616524 -0.02202438 -0.44108543 0.01666695 0.99960134 0.02278984 -7.37159347 0.02164720 -0.02314842 0.99949765 -0.02409575
0.99970192 -0.01406192 -0.01995853 -0.43688387 0.01450623 0.99964620 0.02229461 -7.42303331 0.01963797 -0.02257748 0.99955220 -0.01447143
0.99969982 -0.01417799 -0.01998157 -0.41947775 0.01463632 0.99962876 0.02298107 -7.46143708 0.01964833 -0.02326663 0.99953620 -0.01759415
0.99965288 -0.01692527 -0.02019042 -0.43255429 0.01736487 0.99961154 0.02179972 -7.50200874 0.01981361 -0.02214275 0.99955846 -0.01768168
0.99955934 -0.02188431 -0.02005489 -0.43685204 0.02231977 0.99951420 0.02175275 -7.53408965 0.01956911 -0.02219079 0.99956221 -0.01633461
0.99943070 -0.02759434 -0.01941220 -0.43948097 0.02800627 0.99938125 0.02127851 -7.57783954 0.01881302 -0.02181006 0.99958511 -0.02176360
0.99893563 -0.04122135 -0.02069822 -0.39983536 0.04159736 0.99897092 0.01807654 -7.59119136 0.01993178 -0.01891829 0.99962234 -0.01615734
0.99797268 -0.06040058 -0.02005749 -0.42664650 0.06076842 0.99798475 0.01826572 -7.63357693 0.01891381 -0.01944755 0.99963196 -0.01457055
0.99696872 -0.07539504 -0.01920855 -0.43416630 0.07574153 0.99696504 0.01799792 -7.68142645 0.01779330 -0.01939825 0.99965349 -0.01219830
0.99527745 -0.09531814 -0.01836427 -0.39481387 0.09566514 0.99523135 0.01904587 -7.71022482 0.01646128 -0.02071275 0.99964994 -0.01383809
0.99331759 -0.11366986 -0.01998331 -0.40912670 0.11403639 0.99330855 0.01827095 -7.76151297 0.01777274 -0.02042768 0.99963335 -0.01566341
0.99097801 -0.13260910 -0.01942713 -0.43374659 0.13296432 0.99095191 0.01829761 -7.78469412 0.01682493 -0.02071564 0.99964383 -0.01323182
0.98827030 -0.15137775 -0.02016394 -0.38291194 0.15174758 0.98825029 0.01827645 -7.79708815 0.01716037 -0.02112190 0.99962962 -0.01166688
0.98477307 -0.17258799 -0.02086575 -0.39352144 0.17296056 0.98477156 0.01759617 -7.82933204 0.01751111 -0.02093719 0.99962743 -0.01173191
0.98167760 -0.18930051 -0.02178108 -0.38484487 0.18964768 0.98173540 0.01514489 -7.86968296 0.01851632 -0.01899813 0.99964805 -0.01341816
0.97995678 -0.19815852 -0.02044295 -0.41252278 0.19846976 0.97999970 0.01450310 -7.96986510 0.01716017 -0.01826972 0.99968582 -0.01729380
0.97682062 -0.21284447 -0.02277502 -0.36932565 0.21318796 0.97691273 0.01387134 -7.97244837 0.01929677 -0.01840517 0.99964438 -0.00837209
0.97360963 -0.22705926 -0.02298656 -0.37167563 0.22740553 0.97370318 0.01374209 -8.00814391 0.01926182 -0.01860670 0.99964132 -0.00901605
0.96928897 -0.24497758 -0.02156118 -0.34110944 0.24528698 0.96936233 0.01307573 -8.02584141 0.01769733 -0.01796283 0.99968202 -0.01643289
0.96518387 -0.26057529 -0.02281680 -0.32670291 0.26089960 0.96528403 0.01257508 -8.10738680 0.01874794 -0.01809016 0.99966057 -0.00569908
0.95979867 -0.27816123 -0.03758775 -0.31351509 0.27890112 0.96018609 0.01602599 -8.14085262 0.03163343 -0.02586499 0.99916482 0.07462413
0.95559928 -0.29165854 -0.04201568 -0.33427393 0.29320232 0.95533674 0.03693390 -8.17183102 0.02936704 -0.04761310 0.99843406 0.06532564
0.95239139 -0.30283357 -0.03524874 -0.34084003 0.30442963 0.95088172 0.05609412 -8.14617194 0.01653020 -0.06415432 0.99780307 -0.02234389
0.94877032 -0.31309999 -0.04246510 -0.34164673 0.31527896 0.94697844 0.06189513 -8.15047396 0.02083417 -0.07211261 0.99717887 -0.02883486
0.94324062 -0.32924875 -0.04350163 -0.33248900 0.33173644 0.94027369 0.07639581 -8.18721951 0.01575022 -0.08649070 0.99612815 -0.04486309
0.93841130 -0.34228992 -0.04713638 -0.33018942 0.34509906 0.93523858 0.07896481 -8.26071888 0.01705491 -0.09036819 0.99576238 -0.00096780
0.93268455 -0.35548264 -0.06108708 -0.33791154 0.35966850 0.92935651 0.08327698 -8.31065719 0.02716816 -0.09964225 0.99465236 0.03346712
0.92733635 -0.36815938 -0.06712646 -0.27470167 0.37291007 0.92412687 0.08323225 -8.32083370 0.03139063 -0.10221642 0.99426678 0.05099835
0.92127434 -0.38248020 -0.07044487 -0.25947263 0.38761528 0.91779788 0.08603166 -8.35849111 0.03174875 -0.10656427 0.99379881 0.02478409
0.91452369 -0.39864137 -0.06878574 -0.26093155 0.40367253 0.91037092 0.09095754 -8.35146409 0.02636110 -0.11094973 0.99347635 -0.00779810
0.91136457 -0.40608008 -0.06718326 -0.26212639 0.41103667 0.90644884 0.09695025 -8.41038059 0.02152862 -0.11597180 0.99301916 0.00572730
0.90996723 -0.40878632 -0.06966618 -0.24384961 0.41391578 0.90557618 0.09276587 -8.46050314 0.02516661 -0.11324983 0.99324776 0.02393224
0.90875008 -0.41124182 -0.07108766 -0.22573838 0.41661662 0.90394584 0.09650134 -8.50343384 0.02457401 -0.11731190 0.99279103 0.03413773
0.90837033 -0.41230535 -0.06976843 -0.22162611 0.41760031 0.90310545 0.10005265 -8.52566022 0.02175601 -0.12002018 0.99253304 0.02995344
0.90963172 -0.41059951 -0.06307277 -0.15841293 0.41523161 0.90320628 0.10863302 -8.54976795 0.01236306 -0.12500585 0.99207898 -0.02746127
0.90531574 -0.41880045 -0.07077842 -0.18537456 0.42408053 0.90055007 0.09573542 -8.56242082 0.02364548 -0.11668653 0.99288728 -0.01193933
0.90097284 -0.42455845 -0.08943193 -0.15285622 0.43011978 0.90105608 0.05563195 -8.64093845 0.05696417 -0.08858932 0.99443804 0.03508652
0.89730675 -0.43250592 -0.08819995 -0.16865503 0.43658803 0.89905830 0.03294045 -8.68039936 0.06504995 -0.06806473 0.99555798 0.06326011
0.89898651 -0.42590909 -0.10210141 -0.18291729 0.43116995 0.90157042 0.03554237 -8.75541972 0.07691379 -0.07597517 0.99413884 0.10322170
0.89978989 -0.42170394 -0.11199973 -0.15988592 0.42845849 0.90248350 0.04412310 -8.74821935 0.08247102 -0.08768875 0.99272817 0.04359284
0.90192369 -0.41534199 -0.11842593 -0.11892221 0.42308488 0.90476368 0.04900892 -8.80914339 0.08679202 -0.09430652 0.99175270 0.00803839
0.90209683 -0.41083598 -0.13204211 -0.13738621 0.42024289 0.90589448 0.05245091 -8.80914151 0.09806750 -0.10280556 0.98985544 -0.03090412
0.90330044 -0.40869443 -0.13044986 -0.08012019 0.41730951 0.90758819 0.04622176 -8.83259229 0.09950418 -0.09619011 0.99037689 -0.00621633
0.90448493 -0.40315770 -0.13917930 -0.09444325 0.41306341 0.90930609 0.05040893 -8.91453887 0.10623384 -0.10308400 0.98898335 0.10240254
0.90741883 -0.39540079 -0.14229996 -0.09510900 0.40633687 0.91193128 0.05719874 -8.95745724 0.10715136 -0.10972493 0.98816953 0.09353392
0.91012938 -0.38899992 -0.14263087 -0.08696088 0.40030447 0.91438017 0.06054122 -8.97896795 0.10686831 -0.11219612 0.98792267 0.07825796
0.91272582 -0.38415708 -0.13912193 -0.06787590 0.39507528 0.91663153 0.06084531 -8.96748606 0.10414940 -0.11049872 0.98840424 0.02751469
0.91122250 -0.38015239 -0.15861185 -0.08996881 0.39490477 0.91574379 0.07391576 -8.97148575 0.11714856 -0.12999028 0.98457033 0.07637030
0.92201787 -0.35965334 -0.14329173 -0.08871228 0.37254068 0.92493022 0.07561441 -9.11828548 0.10533987 -0.12309983 0.98678769 0.00461799
0.92758559 -0.35828179 -0.10592041 -0.00976285 0.36575641 0.92865352 0.06184572 -9.09920629 0.07620517 -0.09610827 0.99244948 -0.02798036
0.93288491 -0.35450222 -0.06367044 0.10988763 0.35742935 0.93297883 0.04236472 -9.13953814 0.04438478 -0.06227909 0.99707136 0.01604544
0.93591809 -0.34925920 -0.04555582 0.07607973 0.35093714 0.93570169 0.03613129 -9.19006983 0.03000747 -0.04980316 0.99830817 0.17421594
0.93762809 -0.34335544 -0.05441153 0.00943898 0.34588469 0.93710481 0.04688655 -9.21385211 0.03489056 -0.06278226 0.99741718 0.11946569
0.93993081 -0.33769331 -0.04993301 0.03603016 0.33991981 0.93933001 0.04597437 -9.26454199 0.03137834 -0.06018595 0.99769387 0.01728135
0.94195737 -0.33268943 -0.04510045 0.10248554 0.33470140 0.94107295 0.04854555 -9.28584792 0.02629223 -0.06082302 0.99780222 -0.01191895
0.94349861 -0.32664537 -0.05579578 0.13965163 0.32926529 0.94307897 0.04675922 -9.31607086 0.03734614 -0.06248887 0.99734668 0.01910933
0.94606429 -0.31916942 -0.05561698 0.13890835 0.32214044 0.94499337 0.05668391 -9.35588868 0.03446591 -0.07154310 0.99684186 0.11419888
0.94852337 -0.31154473 -0.05694999 0.10385835 0.31501721 0.94663479 0.06816692 -9.40417717 0.03267380 -0.08259815 0.99604717 0.12719758
0.95129064 -0.30449095 -0.04828436 0.07819985 0.30732666 0.94900521 0.07028111 -9.44152438 0.02442215 -0.08169683 0.99635796 0.09559597
0.95281961 -0.30078417 -0.04078825 0.11767639 0.30296203 0.95065698 0.06682304 -9.45761189 0.01867632 -0.07602759 0.99693079 0.02920609
0.95278223 -0.30102361 -0.03988488 0.19298028 0.30312137 0.95064883 0.06621353 -9.48552835 0.01798468 -0.07517704 0.99700801 0.05227661
0.95283446 -0.30160351 -0.03379069 0.21719717 0.30322855 0.95071778 0.06471591 -9.52837374 0.01260686 -0.07190985 0.99733146 0.10848864
0.95286660 -0.30169382 -0.03203240 0.20332576 0.30316593 0.95089548 0.06235550 -9.58916646 0.01164720 -0.06912761 0.99753983 0.14889602
0.95324290 -0.30138427 -0.02225964 0.20205167 0.30216950 0.95167314 0.05488022 -9.61922060 0.00464387 -0.05904036 0.99824479 0.10736142
0.95245438 -0.30371960 -0.02418799 0.20170072 0.30459832 0.95104185 0.05233804 -9.65257457 0.00710770 -0.05721721 0.99833645 0.09159049
0.95252465 -0.30399295 -0.01688443 0.19939821 0.30445884 0.95128188 0.04865799 -9.69076502 0.00127016 -0.05148855 0.99867278 0.05045135
0.95234677 -0.30391116 -0.02595451 0.23224611 0.30484585 0.95121264 0.04757644 -9.73142711 0.01022925 -0.05322140 0.99853034 0.08896782
0.95188238 -0.30500825 -0.02983124 0.24550458 0.30611680 0.95091948 0.04521775 -9.76173797 0.01457532 -0.05217382 0.99853165 0.07082058
0.95196903 -0.30516711 -0.02505982 0.25743007 0.30599088 0.95112797 0.04153512 -9.79134735 0.01115995 -0.04720822 0.99882273 0.04220750
0.95179360 -0.30610346 -0.01973858 0.24941690 0.30665457 0.95107041 0.03778949 -9.84050520 0.00720528 -0.04202072 0.99909076 0.05899663
0.95268166 -0.30352202 -0.01649377 0.26276526 0.30391845 0.95211504 0.03332457 -9.88916169 0.00558923 -0.03676047 0.99930848 0.08832805
0.95431001 -0.29820140 -0.01919166 0.29555417 0.29860730 0.95408054 0.02374885 -9.94794966 0.01122845 -0.02839454 0.99953373 0.11609945
0.95358949 -0.30076780 -0.01434599 0.30591081 0.30105789 0.95322668 0.02688957 -9.95749654 0.00558746 -0.02996058 0.99953546 0.10467200
0.95430199 -0.29864850 -0.01080677 0.33700335 0.29884020 0.95384730 0.02949355 -9.98936038 0.00149981 -0.03137525 0.99950655 0.09757855
0.95303220 -0.30283342 -0.00464261 0.34327811 0.30279582 0.95235302 0.03658421 -10.01407582 -0.00665752 -0.03627169 0.99931979 0.07920159
