# fid r11 r12 r13 tx r21 r22 r23 ty r31 r32 r33 tz
0 0.99977 -0.00193 -0.02135 -0.01778 0.00230 0.99985 0.01745 -0.11748 0.02131 -0.01749 0.99962 -0.07372
1 0.99977 -0.00196 -0.02132 -0.01781 0.00233 0.99984 0.01752 -0.11753 0.02128 -0.01757 0.99962 -0.07262
2 0.99977 -0.00195 -0.02144 -0.01763 0.00233 0.99984 0.01749 -0.11676 0.02141 -0.01754 0.99962 -0.07355
3 0.99977 -0.00193 -0.02130 -0.01756 0.00230 0.99984 0.01749 -0.11695 0.02126 -0.01754 0.99962 -0.07370
4 0.99977 -0.00194 -0.02121 -0.01863 0.00232 0.99984 0.01762 -0.11824 0.02117 -0.01766 0.99962 -0.07378
5 0.99977 -0.00192 -0.02117 -0.01913 0.00229 0.99984 0.01759 -0.11870 0.02114 -0.01763 0.99962 -0.07353
6 0.99977 -0.00191 -0.02129 -0.01826 0.00228 0.99984 0.01749 -0.11758 0.02125 -0.01753 0.99962 -0.07363
7 0.99977 -0.00192 -0.02142 -0.01852 0.00230 0.99984 0.01749 -0.11753 0.02138 -0.01753 0.99962 -0.07389
8 0.99977 -0.00192 -0.02139 -0.01728 0.00229 0.99985 0.01742 -0.11682 0.02135 -0.01746 0.99962 -0.07399
9 0.99977 -0.00220 -0.02151 -0.02348 0.00258 0.99984 0.01753 -0.11555 0.02147 -0.01758 0.99961 -0.07144
10 0.99978 -0.00079 -0.02116 -0.01840 0.00116 0.99984 0.01765 -0.11159 0.02114 -0.01767 0.99962 -0.07497
11 0.99978 -0.00318 -0.02079 -0.00959 0.00350 0.99987 0.01557 -0.09310 0.02073 -0.01564 0.99966 -0.07693
12 0.99978 -0.00134 -0.02090 0.01192 0.00162 0.99991 0.01332 -0.13395 0.02088 -0.01335 0.99969 -0.07142
13 0.99978 0.00205 -0.02101 -0.01129 -0.00176 0.99990 0.01377 -0.15494 0.02103 -0.01373 0.99968 -0.07038
14 0.99970 0.01019 -0.02205 -0.02960 -0.00993 0.99988 0.01207 -0.16909 0.02217 -0.01185 0.99968 -0.06816
15 0.99960 0.01778 -0.02209 -0.02672 -0.01750 0.99977 0.01257 -0.16653 0.02230 -0.01218 0.99968 -0.07079
16 0.99928 0.03063 -0.02254 -0.01170 -0.03039 0.99948 0.01121 -0.17951 0.02287 -0.01052 0.99968 -0.07029
17 0.99890 0.04170 -0.02144 -0.01328 -0.04146 0.99907 0.01163 -0.20344 0.02190 -0.01073 0.99970 -0.07132
18 0.99847 0.05014 -0.02314 -0.02340 -0.04989 0.99869 0.01129 -0.19251 0.02368 -0.01012 0.99967 -0.06854
19 0.99798 0.05941 -0.02247 -0.02790 -0.05917 0.99818 0.01131 -0.19878 0.02310 -0.00996 0.99968 -0.07016
20 0.99737 0.06864 -0.02320 -0.03113 -0.06840 0.99760 0.01078 -0.21215 0.02389 -0.00917 0.99967 -0.07043
21 0.99664 0.07822 -0.02411 -0.01955 -0.07799 0.99690 0.01035 -0.22060 0.02484 -0.00843 0.99966 -0.06599
22 0.99585 0.08773 -0.02429 -0.03872 -0.08748 0.99610 0.01119 -0.23617 0.02517 -0.00902 0.99964 -0.07048
23 0.99467 0.09985 -0.02587 -0.03537 -0.09960 0.99497 0.01057 -0.23132 0.02680 -0.00794 0.99961 -0.06737
24 0.99363 0.10980 -0.02524 -0.02816 -0.10953 0.99391 0.01185 -0.23299 0.02638 -0.00901 0.99961 -0.06816
25 0.99208 0.12313 -0.02472 -0.03687 -0.12289 0.99236 0.01107 -0.26702 0.02590 -0.00794 0.99963 -0.06508
26 0.98971 0.14058 -0.02672 -0.05508 -0.14029 0.99003 0.01229 -0.33043 0.02818 -0.00841 0.99957 -0.06377
27 0.98854 0.14866 -0.02630 -0.05598 -0.14838 0.98885 0.01235 -0.32650 0.02785 -0.00830 0.99958 -0.07298
28 0.98838 0.14983 -0.02576 -0.05541 -0.14960 0.98869 0.01059 -0.32655 0.02706 -0.00661 0.99961 -0.06976
29 0.98831 0.15022 -0.02610 -0.06032 -0.14999 0.98863 0.01050 -0.34811 0.02738 -0.00647 0.99960 -0.06743
30 0.98826 0.15081 -0.02447 -0.07600 -0.15062 0.98855 0.00945 -0.40499 0.02562 -0.00565 0.99966 -0.06988
31 0.98817 0.15172 -0.02226 -0.08128 -0.15154 0.98840 0.00956 -0.44260 0.02345 -0.00607 0.99971 -0.06607
32 0.98788 0.15339 -0.02361 -0.07840 -0.15319 0.98815 0.01004 -0.45273 0.02487 -0.00630 0.99967 -0.06855
33 0.98789 0.15361 -0.02171 -0.07139 -0.15342 0.98811 0.01017 -0.47015 0.02302 -0.00672 0.99971 -0.06752
34 0.98783 0.15392 -0.02249 -0.08000 -0.15367 0.98805 0.01221 -0.50287 0.02410 -0.00861 0.99967 -0.06747
35 0.98779 0.15416 -0.02249 -0.08443 -0.15391 0.98800 0.01279 -0.53151 0.02419 -0.00918 0.99967 -0.07020
36 0.98776 0.15431 -0.02266 -0.10053 -0.15406 0.98798 0.01252 -0.58159 0.02432 -0.00888 0.99966 -0.06840
37 0.98772 0.15438 -0.02383 -0.10040 -0.15403 0.98794 0.01581 -0.59324 0.02598 -0.01195 0.99959 -0.06822
38 0.98760 0.15517 -0.02399 -0.11469 -0.15481 0.98781 0.01612 -0.62797 0.02620 -0.01220 0.99958 -0.07223
39 0.98753 0.15561 -0.02394 -0.09952 -0.15528 0.98775 0.01538 -0.65093 0.02604 -0.01147 0.99960 -0.06861
40 0.98779 0.15378 -0.02501 -0.11509 -0.15339 0.98803 0.01662 -0.67765 0.02726 -0.01258 0.99955 -0.07103
41 0.98740 0.15633 -0.02464 -0.12292 -0.15594 0.98762 0.01705 -0.73028 0.02700 -0.01299 0.99955 -0.06854
42 0.98775 0.15402 -0.02490 -0.13755 -0.15361 0.98797 0.01781 -0.74236 0.02735 -0.01376 0.99953 -0.07030
43 0.98755 0.15542 -0.02432 -0.13293 -0.15500 0.98775 0.01823 -0.78214 0.02685 -0.01424 0.99954 -0.06650
44 0.98761 0.15504 -0.02421 -0.14526 -0.15462 0.98780 0.01855 -0.80429 0.02679 -0.01458 0.99953 -0.07223
45 0.98640 0.16265 -0.02371 -0.15008 -0.16223 0.98657 0.01899 -0.87557 0.02648 -0.01488 0.99954 -0.06658
46 0.98605 0.16474 -0.02386 -0.16486 -0.16429 0.98621 0.01977 -0.90010 0.02679 -0.01558 0.99952 -0.06610
47 0.98590 0.16558 -0.02422 -0.16032 -0.16512 0.98608 0.01962 -0.92192 0.02713 -0.01535 0.99951 -0.06413
48 0.98620 0.16392 -0.02330 -0.17591 -0.16345 0.98634 0.02058 -0.95533 0.02636 -0.01648 0.99952 -0.06748
49 0.98613 0.16444 -0.02271 -0.18674 -0.16403 0.98628 0.01882 -1.00191 0.02549 -0.01483 0.99957 -0.06533
50 0.98582 0.16628 -0.02240 -0.19036 -0.16590 0.98598 0.01787 -1.05392 0.02506 -0.01391 0.99959 -0.06731
51 0.98609 0.16456 -0.02326 -0.18740 -0.16422 0.98629 0.01599 -1.07903 0.02557 -0.01194 0.99960 -0.06634
52 0.98601 0.16498 -0.02377 -0.19395 -0.16464 0.98623 0.01570 -1.12459 0.02603 -0.01157 0.99959 -0.06461
53 0.98622 0.16373 -0.02380 -0.21316 -0.16338 0.98643 0.01598 -1.15693 0.02609 -0.01187 0.99959 -0.06318
54 0.98614 0.16427 -0.02334 -0.22521 -0.16395 0.98635 0.01521 -1.20089 0.02551 -0.01117 0.99961 -0.06711
55 0.98617 0.16427 -0.02215 -0.21742 -0.16397 0.98635 0.01489 -1.23466 0.02429 -0.01105 0.99964 -0.06388
56 0.98650 0.16238 -0.02147 -0.22638 -0.16210 0.98668 0.01388 -1.26679 0.02344 -0.01021 0.99967 -0.06530
57 0.98640 0.16292 -0.02165 -0.23256 -0.16265 0.98659 0.01368 -1.30379 0.02358 -0.00997 0.99967 -0.06485
58 0.98631 0.16354 -0.02114 -0.24092 -0.16331 0.98650 0.01210 -1.34843 0.02284 -0.00848 0.99970 -0.06427
59 0.98641 0.16274 -0.02238 -0.24261 -0.16251 0.98664 0.01187 -1.38331 0.02401 -0.00807 0.99968 -0.06001
60 0.98652 0.16177 -0.02464 -0.25903 -0.16151 0.98679 0.01232 -1.42635 0.02631 -0.00818 0.99962 -0.06057
61 0.98644 0.16219 -0.02509 -0.27071 -0.16191 0.98672 0.01272 -1.46658 0.02682 -0.00849 0.99960 -0.06116
62 0.98664 0.16085 -0.02585 -0.28104 -0.16057 0.98694 0.01266 -1.49594 0.02755 -0.00834 0.99959 -0.06126
63 0.98644 0.16212 -0.02561 -0.27991 -0.16182 0.98673 0.01344 -1.53786 0.02745 -0.00911 0.99958 -0.06167
64 0.98667 0.16082 -0.02476 -0.29518 -0.16051 0.98693 0.01421 -1.57412 0.02672 -0.01004 0.99959 -0.06312
65 0.98668 0.16105 -0.02307 -0.29716 -0.16074 0.98689 0.01456 -1.61139 0.02511 -0.01065 0.99963 -0.06205
66 0.98667 0.16122 -0.02211 -0.30662 -0.16093 0.98686 0.01449 -1.65455 0.02416 -0.01074 0.99965 -0.06283
67 0.98668 0.16119 -0.02190 -0.30361 -0.16091 0.98687 0.01395 -1.69034 0.02386 -0.01024 0.99966 -0.06154
68 0.98684 0.16021 -0.02184 -0.31882 -0.15994 0.98703 0.01378 -1.72950 0.02376 -0.01011 0.99967 -0.06329
69 0.98676 0.16077 -0.02141 -0.32551 -0.16048 0.98693 0.01461 -1.76630 0.02348 -0.01098 0.99966 -0.06170
70 0.98693 0.15984 -0.02053 -0.33165 -0.15956 0.98708 0.01470 -1.80211 0.02262 -0.01123 0.99968 -0.06291
71 0.98701 0.15934 -0.02070 -0.33527 -0.15905 0.98716 0.01490 -1.83723 0.02281 -0.01141 0.99967 -0.06214
72 0.98707 0.15874 -0.02230 -0.32929 -0.15844 0.98726 0.01454 -1.87154 0.02432 -0.01082 0.99965 -0.05622
73 0.98705 0.15841 -0.02535 -0.35700 -0.15804 0.98731 0.01578 -1.92999 0.02753 -0.01156 0.99955 -0.06075
74 0.98725 0.15723 -0.02482 -0.37660 -0.15684 0.98748 0.01711 -1.95770 0.02720 -0.01300 0.99955 -0.05649
75 0.98745 0.15605 -0.02445 -0.37068 -0.15565 0.98766 0.01764 -1.98728 0.02690 -0.01362 0.99955 -0.06027
76 0.98804 0.15236 -0.02362 -0.37096 -0.15197 0.98823 0.01760 -2.02814 0.02602 -0.01380 0.99957 -0.05944
77 0.98845 0.14966 -0.02363 -0.38529 -0.14925 0.98863 0.01822 -2.07044 0.02609 -0.01448 0.99955 -0.05630
78 0.98896 0.14634 -0.02327 -0.39005 -0.14591 0.98911 0.01924 -2.10520 0.02584 -0.01564 0.99954 -0.05421
79 0.98974 0.14093 -0.02361 -0.39962 -0.14046 0.98988 0.02035 -2.13591 0.02624 -0.01682 0.99951 -0.05276
80 0.99032 0.13676 -0.02377 -0.40413 -0.13626 0.99044 0.02150 -2.16818 0.02649 -0.01805 0.99949 -0.05392
81 0.99078 0.13357 -0.02252 -0.40701 -0.13310 0.99087 0.02126 -2.21073 0.02515 -0.01806 0.99952 -0.05468
82 0.99125 0.12996 -0.02309 -0.41886 -0.12948 0.99136 0.02115 -2.23406 0.02563 -0.01797 0.99951 -0.05570
83 0.99156 0.12771 -0.02232 -0.41419 -0.12733 0.99170 0.01804 -2.27405 0.02444 -0.01504 0.99959 -0.06061
84 0.99232 0.12157 -0.02281 -0.41688 -0.12123 0.99250 0.01580 -2.31436 0.02456 -0.01292 0.99961 -0.05812
85 0.99314 0.11443 -0.02392 -0.40857 -0.11414 0.99338 0.01307 -2.35208 0.02526 -0.01025 0.99963 -0.05309
86 0.99403 0.10535 -0.02842 -0.43712 -0.10499 0.99438 0.01392 -2.39560 0.02972 -0.01086 0.99950 -0.05374
87 0.99448 0.10107 -0.02834 -0.45247 -0.10078 0.99484 0.01129 -2.43918 0.02933 -0.00837 0.99953 -0.05724
88 0.99517 0.09405 -0.02823 -0.45169 -0.09380 0.99554 0.00987 -2.47278 0.02903 -0.00718 0.99955 -0.06052
89 0.99588 0.08627 -0.02780 -0.44933 -0.08609 0.99626 0.00784 -2.50892 0.02838 -0.00541 0.99958 -0.05824
90 0.99686 0.07418 -0.02777 -0.44642 -0.07408 0.99724 0.00437 -2.53200 0.02802 -0.00230 0.99960 -0.05609
91 0.99762 0.06298 -0.02808 -0.45078 -0.06297 0.99801 0.00153 -2.58837 0.02812 0.00024 0.99960 -0.05562
92 0.99829 0.05062 -0.02931 -0.45421 -0.05061 0.99872 0.00108 -2.63772 0.02933 0.00040 0.99957 -0.04777
93 0.99867 0.04068 -0.03176 -0.44794 -0.04065 0.99917 0.00154 -2.68560 0.03180 -0.00025 0.99949 -0.05189
94 0.99913 0.02639 -0.03239 -0.45564 -0.02627 0.99965 0.00411 -2.69762 0.03249 -0.00325 0.99947 -0.05095
95 0.99927 0.01718 -0.03404 -0.46860 -0.01703 0.99984 0.00483 -2.73495 0.03411 -0.00425 0.99941 -0.05030
96 0.99941 0.01210 -0.03228 -0.47526 -0.01194 0.99991 0.00531 -2.78582 0.03234 -0.00492 0.99946 -0.05498
97 0.99946 0.01016 -0.03126 -0.47775 -0.00997 0.99993 0.00649 -2.82990 0.03132 -0.00618 0.99949 -0.05404
98 0.99952 0.00952 -0.02956 -0.46524 -0.00936 0.99994 0.00543 -2.86704 0.02961 -0.00515 0.99955 -0.05203
99 0.99953 0.00879 -0.02941 -0.45787 -0.00861 0.99994 0.00645 -2.89577 0.02946 -0.00619 0.99955 -0.05526
100 0.99958 0.00640 -0.02835 -0.46754 -0.00623 0.99996 0.00608 -2.93002 0.02839 -0.00590 0.99958 -0.05380
101 0.99957 0.00539 -0.02885 -0.47679 -0.00522 0.99997 0.00577 -2.98381 0.02888 -0.00561 0.99957 -0.05130
102 0.99959 0.00378 -0.02842 -0.48779 -0.00360 0.99997 0.00644 -3.02492 0.02844 -0.00634 0.99958 -0.05490
103 0.99964 0.00328 -0.02652 -0.46882 -0.00303 0.99995 0.00960 -3.05998 0.02655 -0.00952 0.99960 -0.04820
104 0.99960 0.00331 -0.02822 -0.46348 -0.00287 0.99988 0.01554 -3.09491 0.02827 -0.01545 0.99948 -0.05199
105 0.99970 0.00179 -0.02444 -0.45576 -0.00139 0.99987 0.01612 -3.12092 0.02446 -0.01608 0.99957 -0.05630
106 0.99969 0.00131 -0.02469 -0.46325 -0.00083 0.99981 0.01955 -3.17172 0.02472 -0.01952 0.99950 -0.03630
107 0.99956 -0.00205 -0.02976 -0.46440 0.00264 0.99980 0.01987 -3.17056 0.02971 -0.01994 0.99936 -0.05133
108 0.99965 -0.00351 -0.02606 -0.48090 0.00384 0.99991 0.01268 -3.22706 0.02601 -0.01278 0.99958 -0.05746
109 0.99968 -0.00454 -0.02502 -0.47634 0.00476 0.99995 0.00884 -3.27747 0.02498 -0.00895 0.99965 -0.05306
110 0.99966 -0.00269 -0.02581 -0.47895 0.00295 0.99995 0.00993 -3.34723 0.02578 -0.01001 0.99962 -0.04658
111 0.99957 -0.00198 -0.02914 -0.45442 0.00237 0.99991 0.01332 -3.35917 0.02911 -0.01339 0.99949 -0.04888
112 0.99956 -0.00212 -0.02967 -0.47267 0.00254 0.99990 0.01420 -3.39943 0.02964 -0.01427 0.99946 -0.05193
113 0.99954 -0.00133 -0.03016 -0.47108 0.00175 0.99990 0.01399 -3.42374 0.03014 -0.01403 0.99945 -0.05026
114 0.99952 -0.00231 -0.03090 -0.49673 0.00275 0.99990 0.01418 -3.47672 0.03087 -0.01425 0.99942 -0.05107
115 0.99953 -0.00150 -0.03065 -0.47845 0.00194 0.99989 0.01444 -3.51129 0.03063 -0.01449 0.99943 -0.04420
116 0.99967 -0.00455 -0.02540 -0.51029 0.00499 0.99984 0.01743 -3.54254 0.02532 -0.01755 0.99953 -0.04499
117 0.99980 -0.00143 -0.01981 -0.46199 0.00188 0.99974 0.02264 -3.58559 0.01977 -0.02268 0.99955 -0.04961
118 0.99983 -0.00588 -0.01755 -0.47774 0.00627 0.99972 0.02261 -3.61779 0.01741 -0.02271 0.99959 -0.04643
119 0.99987 -0.00386 -0.01575 -0.48036 0.00421 0.99974 0.02241 -3.66744 0.01566 -0.02247 0.99962 -0.04582
120 0.99987 -0.00269 -0.01570 -0.47622 0.00306 0.99972 0.02335 -3.70681 0.01563 -0.02339 0.99960 -0.04154
121 0.99979 -0.00702 -0.01905 -0.45578 0.00746 0.99970 0.02333 -3.71625 0.01888 -0.02346 0.99955 -0.04604
122 0.99975 -0.00854 -0.02089 -0.47640 0.00902 0.99970 0.02259 -3.75522 0.02069 -0.02277 0.99953 -0.04774
123 0.99969 -0.00539 -0.02430 -0.49897 0.00579 0.99985 0.01653 -3.81669 0.02421 -0.01667 0.99957 -0.04195
124 0.99964 -0.00457 -0.02630 -0.49911 0.00494 0.99989 0.01400 -3.87019 0.02624 -0.01413 0.99956 -0.04698
125 0.99962 -0.00829 -0.02643 -0.47964 0.00863 0.99988 0.01269 -3.88449 0.02632 -0.01291 0.99957 -0.04780
126 0.99958 -0.01154 -0.02649 -0.45546 0.01183 0.99987 0.01114 -3.92032 0.02636 -0.01145 0.99959 -0.04591
127 0.99950 -0.01420 -0.02815 -0.49832 0.01448 0.99985 0.00973 -3.98047 0.02800 -0.01014 0.99956 -0.05110
128 0.99954 -0.01340 -0.02716 -0.51645 0.01364 0.99987 0.00886 -4.03484 0.02704 -0.00923 0.99959 -0.04607
129 0.99953 -0.01159 -0.02838 -0.47334 0.01190 0.99987 0.01064 -4.06326 0.02825 -0.01097 0.99954 -0.04548
130 0.99952 -0.01347 -0.02789 -0.47399 0.01378 0.99985 0.01077 -4.10250 0.02774 -0.01115 0.99955 -0.04275
131 0.99945 -0.01356 -0.03038 -0.46547 0.01393 0.99983 0.01213 -4.12669 0.03021 -0.01255 0.99946 -0.03630
132 0.99931 -0.01550 -0.03389 -0.49984 0.01599 0.99977 0.01429 -4.17116 0.03366 -0.01483 0.99932 -0.03392
133 0.99930 -0.01759 -0.03288 -0.51328 0.01799 0.99976 0.01220 -4.19959 0.03265 -0.01278 0.99938 -0.04494
134 0.99945 -0.01506 -0.02958 -0.48554 0.01538 0.99983 0.01038 -4.25956 0.02942 -0.01082 0.99951 -0.04740
135 0.99938 -0.01749 -0.03058 -0.48544 0.01783 0.99978 0.01062 -4.29169 0.03039 -0.01116 0.99948 -0.03907
136 0.99941 -0.01735 -0.02978 -0.49625 0.01767 0.99979 0.01043 -4.32843 0.02960 -0.01095 0.99950 -0.04110
137 0.99943 -0.01829 -0.02838 -0.50532 0.01862 0.99976 0.01136 -4.36312 0.02816 -0.01188 0.99953 -0.04245
138 0.99951 -0.01553 -0.02709 -0.49374 0.01584 0.99981 0.01121 -4.41572 0.02691 -0.01164 0.99957 -0.04067
139 0.99955 -0.01639 -0.02507 -0.49764 0.01671 0.99978 0.01269 -4.44574 0.02486 -0.01310 0.99961 -0.04210
140 0.99963 -0.01495 -0.02290 -0.48941 0.01529 0.99977 0.01493 -4.49093 0.02267 -0.01527 0.99963 -0.03762
141 0.99966 -0.01521 -0.02117 -0.47807 0.01557 0.99974 0.01687 -4.52347 0.02090 -0.01720 0.99963 -0.04039
142 0.99962 -0.01729 -0.02128 -0.49494 0.01765 0.99970 0.01709 -4.55490 0.02098 -0.01746 0.99963 -0.04281
143 0.99958 -0.01754 -0.02325 -0.48518 0.01789 0.99973 0.01473 -4.58829 0.02299 -0.01514 0.99962 -0.03953
144 0.99946 -0.02001 -0.02601 -0.50005 0.02039 0.99969 0.01433 -4.63842 0.02571 -0.01486 0.99956 -0.04112
145 0.99948 -0.01816 -0.02648 -0.48941 0.01854 0.99973 0.01407 -4.68287 0.02622 -0.01456 0.99955 -0.03468
146 0.99943 -0.01903 -0.02799 -0.50010 0.01944 0.99971 0.01432 -4.72064 0.02771 -0.01486 0.99951 -0.03565
147 0.99935 -0.01947 -0.03031 -0.49173 0.01987 0.99972 0.01300 -4.73351 0.03005 -0.01360 0.99946 -0.03798
148 0.99930 -0.01954 -0.03176 -0.50388 0.01990 0.99974 0.01118 -4.78986 0.03153 -0.01180 0.99943 -0.04375
149 0.99932 -0.01856 -0.03193 -0.49710 0.01890 0.99977 0.01051 -4.82927 0.03172 -0.01111 0.99943 -0.03312
150 0.99937 -0.01803 -0.03064 -0.49755 0.01840 0.99976 0.01159 -4.88805 0.03042 -0.01214 0.99946 -0.03675
151 0.99930 -0.01999 -0.03156 -0.50015 0.02036 0.99973 0.01153 -4.90166 0.03132 -0.01216 0.99944 -0.03896
152 0.99930 -0.01997 -0.03149 -0.48580 0.02031 0.99974 0.01035 -4.94800 0.03128 -0.01099 0.99945 -0.03631
153 0.99925 -0.02166 -0.03199 -0.50730 0.02205 0.99969 0.01181 -4.99159 0.03172 -0.01251 0.99942 -0.03601
154 0.99921 -0.02206 -0.03320 -0.49289 0.02248 0.99967 0.01221 -5.02184 0.03292 -0.01295 0.99937 -0.03449
155 0.99918 -0.02395 -0.03265 -0.49637 0.02439 0.99962 0.01306 -5.05880 0.03232 -0.01385 0.99938 -0.03658
156 0.99910 -0.02481 -0.03441 -0.51544 0.02516 0.99963 0.00999 -5.09685 0.03415 -0.01085 0.99936 -0.04086
157 0.99920 -0.02301 -0.03282 -0.49715 0.02333 0.99968 0.00941 -5.14933 0.03259 -0.01016 0.99942 -0.03613
158 0.99907 -0.02653 -0.03386 -0.50609 0.02687 0.99959 0.00956 -5.18427 0.03359 -0.01046 0.99938 -0.03586
159 0.99901 -0.02916 -0.03352 -0.49016 0.02950 0.99952 0.00975 -5.20805 0.03322 -0.01073 0.99939 -0.03581
160 0.99900 -0.03102 -0.03220 -0.49779 0.03133 0.99947 0.00895 -5.26949 0.03191 -0.00995 0.99944 -0.03545
161 0.99890 -0.03341 -0.03298 -0.50764 0.03377 0.99937 0.01058 -5.31497 0.03261 -0.01169 0.99940 -0.03354
162 0.99876 -0.03580 -0.03464 -0.50405 0.03630 0.99925 0.01377 -5.34852 0.03412 -0.01501 0.99931 -0.03408
163 0.99844 -0.04328 -0.03527 -0.49436 0.04380 0.99894 0.01408 -5.36597 0.03463 -0.01560 0.99928 -0.03607
164 0.99805 -0.05114 -0.03586 -0.50042 0.05165 0.99857 0.01349 -5.40643 0.03512 -0.01532 0.99927 -0.03760
165 0.99761 -0.05982 -0.03449 -0.50118 0.06031 0.99809 0.01345 -5.45571 0.03362 -0.01550 0.99931 -0.03681
166 0.99701 -0.06948 -0.03379 -0.48706 0.06997 0.99746 0.01340 -5.49404 0.03277 -0.01573 0.99934 -0.03733
167 0.99592 -0.08342 -0.03456 -0.46667 0.08400 0.99634 0.01568 -5.49703 0.03313 -0.01852 0.99928 -0.03234
168 0.99554 -0.08685 -0.03693 -0.48729 0.08756 0.99599 0.01818 -5.55901 0.03521 -0.02133 0.99915 -0.03308
169 0.99555 -0.08731 -0.03543 -0.50034 0.08800 0.99595 0.01852 -5.61459 0.03367 -0.02156 0.99920 -0.03427
170 0.99555 -0.08783 -0.03418 -0.49463 0.08852 0.99589 0.01930 -5.64621 0.03235 -0.02224 0.99923 -0.03675
171 0.99557 -0.08807 -0.03280 -0.46403 0.08876 0.99585 0.02014 -5.66683 0.03089 -0.02296 0.99926 -0.03698
172 0.99554 -0.08957 -0.02974 -0.46699 0.09017 0.99573 0.01965 -5.71393 0.02785 -0.02225 0.99936 -0.03639
173 0.99544 -0.09109 -0.02835 -0.47938 0.09166 0.99560 0.01929 -5.75765 0.02647 -0.02180 0.99941 -0.03252
174 0.99533 -0.09245 -0.02786 -0.46369 0.09300 0.99548 0.01923 -5.79318 0.02595 -0.02173 0.99943 -0.03202
175 0.99511 -0.09479 -0.02762 -0.47071 0.09531 0.99528 0.01840 -5.83796 0.02574 -0.02094 0.99945 -0.03074
176 0.99494 -0.09674 -0.02701 -0.44858 0.09725 0.99509 0.01842 -5.85493 0.02509 -0.02096 0.99947 -0.03580
177 0.99503 -0.09593 -0.02683 -0.45767 0.09636 0.99523 0.01538 -5.91328 0.02523 -0.01789 0.99952 -0.03319
178 0.99502 -0.09595 -0.02701 -0.45476 0.09637 0.99523 0.01493 -5.94718 0.02545 -0.01745 0.99952 -0.02864
179 0.99518 -0.09484 -0.02510 -0.47121 0.09525 0.99533 0.01587 -5.99504 0.02348 -0.01818 0.99956 -0.02801
180 0.99540 -0.09295 -0.02339 -0.42774 0.09335 0.99549 0.01673 -6.00588 0.02173 -0.01884 0.99959 -0.03057
181 0.99542 -0.09309 -0.02166 -0.44856 0.09339 0.99554 0.01339 -6.05757 0.02032 -0.01535 0.99968 -0.03329
182 0.99570 -0.09050 -0.01998 -0.45479 0.09072 0.99582 0.01030 -6.09503 0.01897 -0.01207 0.99975 -0.03493
183 0.99588 -0.08834 -0.02063 -0.43824 0.08855 0.99603 0.00905 -6.14129 0.01975 -0.01084 0.99975 -0.02612
184 0.99615 -0.08478 -0.02220 -0.44588 0.08502 0.99633 0.01011 -6.17832 0.02126 -0.01196 0.99970 -0.03052
185 0.99668 -0.07941 -0.01822 -0.43407 0.07956 0.99680 0.00788 -6.22298 0.01754 -0.00931 0.99980 -0.02708
186 0.99691 -0.07634 -0.01871 -0.43308 0.07652 0.99703 0.00883 -6.26172 0.01798 -0.01024 0.99979 -0.02709
187 0.99714 -0.07335 -0.01835 -0.42950 0.07352 0.99726 0.00836 -6.29361 0.01769 -0.00969 0.99980 -0.02427
188 0.99735 -0.07027 -0.01877 -0.41754 0.07044 0.99748 0.00859 -6.32962 0.01812 -0.00989 0.99979 -0.02349
189 0.99757 -0.06714 -0.01837 -0.42855 0.06733 0.99768 0.00975 -6.37778 0.01767 -0.01096 0.99978 -0.02583
190 0.99778 -0.06372 -0.01943 -0.42649 0.06393 0.99790 0.01066 -6.41605 0.01871 -0.01188 0.99975 -0.02356
191 0.99798 -0.06033 -0.02015 -0.42635 0.06059 0.99808 0.01264 -6.44975 0.01935 -0.01384 0.99972 -0.02068
192 0.99824 -0.05594 -0.01979 -0.42347 0.05624 0.99831 0.01474 -6.49042 0.01893 -0.01582 0.99970 -0.02674
193 0.99852 -0.05102 -0.01891 -0.42594 0.05130 0.99858 0.01458 -6.53402 0.01814 -0.01552 0.99971 -0.02425
194 0.99867 -0.04830 -0.01788 -0.40546 0.04860 0.99868 0.01651 -6.56550 0.01706 -0.01735 0.99970 -0.02551
195 0.99880 -0.04456 -0.02020 -0.40207 0.04493 0.99883 0.01810 -6.60132 0.01937 -0.01899 0.99963 -0.02398
196 0.99893 -0.04078 -0.02199 -0.43814 0.04118 0.99899 0.01811 -6.64588 0.02123 -0.01899 0.99959 -0.02312
197 0.99905 -0.03701 -0.02322 -0.42492 0.03740 0.99916 0.01689 -6.66799 0.02258 -0.01774 0.99959 -0.02275
198 0.99921 -0.03234 -0.02303 -0.40608 0.03273 0.99932 0.01700 -6.72162 0.02247 -0.01774 0.99959 -0.02352
199 0.99931 -0.02750 -0.02489 -0.43941 0.02789 0.99949 0.01542 -6.76548 0.02446 -0.01610 0.99957 -0.02247
200 0.99944 -0.02433 -0.02315 -0.41629 0.02469 0.99957 0.01551 -6.77898 0.02276 -0.01607 0.99961 -0.02687
201 0.99957 -0.01788 -0.02333 -0.43847 0.01820 0.99974 0.01391 -6.84375 0.02307 -0.01433 0.99963 -0.02885
202 0.99970 -0.01324 -0.02060 -0.42308 0.01350 0.99983 0.01254 -6.88020 0.02043 -0.01281 0.99971 -0.02499
203 0.99975 -0.01332 -0.01806 -0.43000 0.01352 0.99985 0.01106 -6.90672 0.01791 -0.01131 0.99978 -0.03039
204 0.99975 -0.01198 -0.01875 -0.40115 0.01217 0.99987 0.01014 -6.94529 0.01863 -0.01036 0.99977 -0.02497
205 0.99973 -0.01391 -0.01847 -0.44714 0.01410 0.99984 0.01065 -6.99483 0.01832 -0.01091 0.99977 -0.02443
206 0.99977 -0.01069 -0.01858 -0.40268 0.01091 0.99987 0.01201 -7.03388 0.01845 -0.01221 0.99976 -0.01876
207 0.99972 -0.01320 -0.01943 -0.44234 0.01346 0.99982 0.01315 -7.08198 0.01926 -0.01341 0.99972 -0.02366
208 0.99973 -0.01309 -0.01913 -0.38370 0.01335 0.99982 0.01353 -7.09427 0.01895 -0.01378 0.99973 -0.02167
209 0.99962 -0.01521 -0.02279 -0.41675 0.01557 0.99976 0.01550 -7.15558 0.02254 -0.01585 0.99962 -0.01805
210 0.99960 -0.01323 -0.02484 -0.42463 0.01368 0.99974 0.01801 -7.19307 0.02460 -0.01834 0.99953 -0.01486
211 0.99960 -0.01411 -0.02459 -0.44324 0.01460 0.99969 0.02013 -7.22393 0.02430 -0.02048 0.99950 -0.02043
212 0.99965 -0.01068 -0.02434 -0.40209 0.01112 0.99978 0.01805 -7.27166 0.02414 -0.01832 0.99954 -0.01493
213 0.99958 -0.01537 -0.02438 -0.43775 0.01590 0.99964 0.02169 -7.30241 0.02403 -0.02207 0.99947 -0.02023
214 0.99965 -0.01431 -0.02206 -0.42418 0.01481 0.99963 0.02263 -7.32885 0.02173 -0.02295 0.99950 -0.01958
215 0.99963 -0.01617 -0.02202 -0.44109 0.01667 0.99960 0.02279 -7.37159 0.02165 -0.02315 0.99950 -0.02410
216 0.99970 -0.01406 -0.01996 -0.43688 0.01451 0.99965 0.02229 -7.42303 0.01964 -0.02258 0.99955 -0.01447
217 0.99970 -0.01418 -0.01998 -0.41948 0.01464 0.99963 0.02298 -7.46144 0.01965 -0.02327 0.99954 -0.01759
218 0.99965 -0.01693 -0.02019 -0.43255 0.01736 0.99961 0.02180 -7.50201 0.01981 -0.02214 0.99956 -0.01768
219 0.99956 -0.02188 -0.02005 -0.43685 0.02232 0.99951 0.02175 -7.53409 0.01957 -0.02219 0.99956 -0.01633
220 0.99943 -0.02759 -0.01941 -0.43948 0.02801 0.99938 0.02128 -7.57784 0.01881 -0.02181 0.99959 -0.02176
221 0.99894 -0.04122 -0.02070 -0.39984 0.04160 0.99897 0.01808 -7.59119 0.01993 -0.01892 0.99962 -0.01616
222 0.99797 -0.06040 -0.02006 -0.42665 0.06077 0.99798 0.01827 -7.63358 0.01891 -0.01945 0.99963 -0.01457
223 0.99697 -0.07540 -0.01921 -0.43417 0.07574 0.99697 0.01800 -7.68143 0.01779 -0.01940 0.99965 -0.01220
224 0.99528 -0.09532 -0.01836 -0.39481 0.09567 0.99523 0.01905 -7.71022 0.01646 -0.02071 0.99965 -0.01384
225 0.99332 -0.11367 -0.01998 -0.40913 0.11404 0.99331 0.01827 -7.76151 0.01777 -0.02043 0.99963 -0.01566
226 0.99098 -0.13261 -0.01943 -0.43375 0.13296 0.99095 0.01830 -7.78469 0.01682 -0.02072 0.99964 -0.01323
227 0.98827 -0.15138 -0.02016 -0.38291 0.15175 0.98825 0.01828 -7.79709 0.01716 -0.02112 0.99963 -0.01167
228 0.98477 -0.17259 -0.02087 -0.39352 0.17296 0.98477 0.01760 -7.82933 0.01751 -0.02094 0.99963 -0.01173
229 0.98168 -0.18930 -0.02178 -0.38484 0.18965 0.98174 0.01514 -7.86968 0.01852 -0.01900 0.99965 -0.01342
230 0.97996 -0.19816 -0.02044 -0.41252 0.19847 0.98000 0.01450 -7.96987 0.01716 -0.01827 0.99969 -0.01729
231 0.97682 -0.21284 -0.02278 -0.36933 0.21319 0.97691 0.01387 -7.97245 0.01930 -0.01841 0.99964 -0.00837
232 0.97361 -0.22706 -0.02299 -0.37168 0.22741 0.97370 0.01374 -8.00814 0.01926 -0.01861 0.99964 -0.00902
233 0.96929 -0.24498 -0.02156 -0.34111 0.24529 0.96936 0.01308 -8.02584 0.01770 -0.01796 0.99968 -0.01643
234 0.96518 -0.26058 -0.02282 -0.32670 0.26090 0.96528 0.01258 -8.10739 0.01875 -0.01809 0.99966 -0.00570
235 0.95980 -0.27816 -0.03759 -0.31352 0.27890 0.96019 0.01603 -8.14085 0.03163 -0.02586 0.99916 0.07462
236 0.95560 -0.29166 -0.04202 -0.33427 0.29320 0.95534 0.03693 -8.17183 0.02937 -0.04761 0.99843 0.06533
237 0.95239 -0.30283 -0.03525 -0.34084 0.30443 0.95088 0.05609 -8.14617 0.01653 -0.06415 0.99780 -0.02234
238 0.94877 -0.31310 -0.04247 -0.34165 0.31528 0.94698 0.06190 -8.15047 0.02083 -0.07211 0.99718 -0.02883
239 0.94324 -0.32925 -0.04350 -0.33249 0.33174 0.94027 0.07640 -8.18722 0.01575 -0.08649 0.99613 -0.04486
240 0.93841 -0.34229 -0.04714 -0.33019 0.34510 0.93524 0.07896 -8.26072 0.01705 -0.09037 0.99576 -0.00097
241 0.93268 -0.35548 -0.06109 -0.33791 0.35967 0.92936 0.08328 -8.31066 0.02717 -0.09964 0.99465 0.03347
242 0.92734 -0.36816 -0.06713 -0.27470 0.37291 0.92413 0.08323 -8.32083 0.03139 -0.10222 0.99427 0.05100
243 0.92127 -0.38248 -0.07044 -0.25947 0.38762 0.91780 0.08603 -8.35849 0.03175 -0.10656 0.99380 0.02478
244 0.91452 -0.39864 -0.06879 -0.26093 0.40367 0.91037 0.09096 -8.35146 0.02636 -0.11095 0.99348 -0.00780
245 0.91136 -0.40608 -0.06718 -0.26213 0.41104 0.90645 0.09695 -8.41038 0.02153 -0.11597 0.99302 0.00573
246 0.90997 -0.40879 -0.06967 -0.24385 0.41392 0.90558 0.09277 -8.46050 0.02517 -0.11325 0.99325 0.02393
247 0.90875 -0.41124 -0.07109 -0.22574 0.41662 0.90395 0.09650 -8.50343 0.02457 -0.11731 0.99279 0.03414
248 0.90837 -0.41231 -0.06977 -0.22163 0.41760 0.90311 0.10005 -8.52566 0.02176 -0.12002 0.99253 0.02995
249 0.90963 -0.41060 -0.06307 -0.15841 0.41523 0.90321 0.10863 -8.54977 0.01236 -0.12501 0.99208 -0.02746
250 0.90532 -0.41880 -0.07078 -0.18537 0.42408 0.90055 0.09574 -8.56242 0.02365 -0.11669 0.99289 -0.01194
251 0.90097 -0.42456 -0.08943 -0.15286 0.43012 0.90106 0.05563 -8.64094 0.05696 -0.08859 0.99444 0.03509
252 0.89731 -0.43251 -0.08820 -0.16866 0.43659 0.89906 0.03294 -8.68040 0.06505 -0.06806 0.99556 0.06326
253 0.89899 -0.42591 -0.10210 -0.18292 0.43117 0.90157 0.03554 -8.75542 0.07691 -0.07598 0.99414 0.10322
254 0.89979 -0.42170 -0.11200 -0.15989 0.42846 0.90248 0.04412 -8.74822 0.08247 -0.08769 0.99273 0.04359
255 0.90192 -0.41534 -0.11843 -0.11892 0.42308 0.90476 0.04901 -8.80914 0.08679 -0.09431 0.99175 0.00804
256 0.90210 -0.41084 -0.13204 -0.13739 0.42024 0.90589 0.05245 -8.80914 0.09807 -0.10281 0.98986 -0.03090
257 0.90330 -0.40869 -0.13045 -0.08012 0.41731 0.90759 0.04622 -8.83259 0.09950 -0.09619 0.99038 -0.00622
258 0.90448 -0.40316 -0.13918 -0.09444 0.41306 0.90931 0.05041 -8.91454 0.10623 -0.10308 0.98898 0.10240
259 0.90742 -0.39540 -0.14230 -0.09511 0.40634 0.91193 0.05720 -8.95746 0.10715 -0.10972 0.98817 0.09353
260 0.91013 -0.38900 -0.14263 -0.08696 0.40030 0.91438 0.06054 -8.97897 0.10687 -0.11220 0.98792 0.07826
261 0.91273 -0.38416 -0.13912 -0.06788 0.39508 0.91663 0.06085 -8.96749 0.10415 -0.11050 0.98840 0.02751
262 0.91122 -0.38015 -0.15861 -0.08997 0.39490 0.91574 0.07392 -8.97149 0.11715 -0.12999 0.98457 0.07637
263 0.92202 -0.35965 -0.14329 -0.08871 0.37254 0.92493 0.07561 -9.11829 0.10534 -0.12310 0.98679 0.00462
264 0.92759 -0.35828 -0.10592 -0.00976 0.36576 0.92865 0.06185 -9.09921 0.07621 -0.09611 0.99245 -0.02798
265 0.93288 -0.35450 -0.06367 0.10989 0.35743 0.93298 0.04236 -9.13954 0.04438 -0.06228 0.99707 0.01605
266 0.93592 -0.34926 -0.04556 0.07608 0.35094 0.93570 0.03613 -9.19007 0.03001 -0.04980 0.99831 0.17422
267 0.93763 -0.34336 -0.05441 0.00944 0.34588 0.93710 0.04689 -9.21385 0.03489 -0.06278 0.99742 0.11947
268 0.93993 -0.33769 -0.04993 0.03603 0.33992 0.93933 0.04597 -9.26454 0.03138 -0.06019 0.99769 0.01728
269 0.94196 -0.33269 -0.04510 0.10249 0.33470 0.94107 0.04855 -9.28585 0.02629 -0.06082 0.99780 -0.01192
270 0.94350 -0.32665 -0.05580 0.13965 0.32927 0.94308 0.04676 -9.31607 0.03735 -0.06249 0.99735 0.01911
271 0.94606 -0.31917 -0.05562 0.13891 0.32214 0.94499 0.05668 -9.35589 0.03447 -0.07154 0.99684 0.11420
272 0.94852 -0.31154 -0.05695 0.10386 0.31502 0.94663 0.06817 -9.40418 0.03267 -0.08260 0.99605 0.12720
273 0.95129 -0.30449 -0.04828 0.07820 0.30733 0.94901 0.07028 -9.44152 0.02442 -0.08170 0.99636 0.09560
274 0.95282 -0.30078 -0.04079 0.11768 0.30296 0.95066 0.06682 -9.45761 0.01868 -0.07603 0.99693 0.02921
275 0.95278 -0.30102 -0.03988 0.19298 0.30312 0.95065 0.06621 -9.48553 0.01798 -0.07518 0.99701 0.05228
276 0.95283 -0.30160 -0.03379 0.21720 0.30323 0.95072 0.06472 -9.52837 0.01261 -0.07191 0.99733 0.10849
277 0.95287 -0.30169 -0.03203 0.20333 0.30317 0.95090 0.06236 -9.58917 0.01165 -0.06913 0.99754 0.14890
278 0.95324 -0.30138 -0.02226 0.20205 0.30217 0.95167 0.05488 -9.61922 0.00464 -0.05904 0.99824 0.10736
279 0.95245 -0.30372 -0.02419 0.20170 0.30460 0.95104 0.05234 -9.65257 0.00711 -0.05722 0.99834 0.09159
280 0.95252 -0.30399 -0.01688 0.19940 0.30446 0.95128 0.04866 -9.69077 0.00127 -0.05149 0.99867 0.05045
281 0.95235 -0.30391 -0.02595 0.23225 0.30485 0.95121 0.04758 -9.73143 0.01023 -0.05322 0.99853 0.08897
282 0.95188 -0.30501 -0.02983 0.24550 0.30612 0.95092 0.04522 -9.76174 0.01458 -0.05217 0.99853 0.07082
283 0.95197 -0.30517 -0.02506 0.25743 0.30599 0.95113 0.04154 -9.79135 0.01116 -0.04721 0.99882 0.04221
284 0.95179 -0.30610 -0.01974 0.24942 0.30665 0.95107 0.03779 -9.84051 0.00721 -0.04202 0.99909 0.05900
285 0.95268 -0.30352 -0.01649 0.26277 0.30392 0.95212 0.03332 -9.88916 0.00559 -0.03676 0.99931 0.08833
286 0.95431 -0.29820 -0.01919 0.29555 0.29861 0.95408 0.02375 -9.94795 0.01123 -0.02839 0.99953 0.11610
287 0.95359 -0.30077 -0.01435 0.30591 0.30106 0.95323 0.02689 -9.95750 0.00559 -0.02996 0.99954 0.10467
288 0.95430 -0.29865 -0.01081 0.33700 0.29884 0.95385 0.02949 -9.98936 0.00150 -0.03138 0.99951 0.09758
289 0.95303 -0.30283 -0.00464 0.34328 0.30280 0.95235 0.03658 -10.01408 -0.00666 -0.03627 0.99932 0.07920
290 0.95457 -0.29794 -0.00477 0.32901 0.29793 0.95404 0.03235 -10.10369 -0.00509 -0.03230 0.99947 0.08967
291 0.95297 -0.30300 -0.00695 0.35057 0.30308 0.95260 0.02629 -10.09014 -0.00134 -0.02716 0.99963 0.09753
292 0.95415 -0.29914 -0.01055 0.36441 0.29931 0.95387 0.02355 -10.17944 0.00302 -0.02563 0.99967 0.09538
293 0.95272 -0.30353 -0.01365 0.38230 0.30376 0.95254 0.01991 -10.17027 0.00696 -0.02312 0.99971 0.10982
294 0.95258 -0.30409 -0.01135 0.38082 0.30427 0.95235 0.02127 -10.23391 0.00434 -0.02372 0.99971 0.08301
295 0.95331 -0.30184 -0.00942 0.39606 0.30197 0.95312 0.01922 -10.29123 0.00318 -0.02116 0.99977 0.10101
296 0.95199 -0.30590 -0.01204 0.41028 0.30608 0.95184 0.01772 -10.30605 0.00604 -0.02056 0.99977 0.11299
297 0.95151 -0.30727 -0.01457 0.41350 0.30749 0.95139 0.01746 -10.35846 0.00850 -0.02109 0.99974 0.11939
298 0.95048 -0.31039 -0.01574 0.43212 0.31064 0.95036 0.01785 -10.39478 0.00942 -0.02185 0.99972 0.12176
299 0.94829 -0.31677 -0.02011 0.41969 0.31722 0.94800 0.02574 -10.42822 0.01091 -0.03079 0.99947 0.10563
300 0.94422 -0.32878 -0.01848 0.43097 0.32917 0.94396 0.02425 -10.44697 0.00947 -0.02898 0.99954 0.08937
301 0.93885 -0.34384 -0.01827 0.48595 0.34423 0.93852 0.02634 -10.46461 0.00809 -0.03102 0.99949 0.09256
302 0.93284 -0.35973 -0.02016 0.47077 0.36015 0.93261 0.02324 -10.51107 0.01044 -0.02894 0.99953 0.10673
303 0.92708 -0.37429 -0.02074 0.46742 0.37470 0.92690 0.02136 -10.54648 0.01123 -0.02757 0.99956 0.11357
304 0.92227 -0.38603 -0.01990 0.50159 0.38640 0.92209 0.02096 -10.59767 0.01026 -0.02702 0.99958 0.11450
305 0.91558 -0.40166 -0.01940 0.52566 0.40206 0.91525 0.02586 -10.59880 0.00737 -0.03148 0.99948 0.10415
306 0.91119 -0.41159 -0.01795 0.55147 0.41195 0.91079 0.02762 -10.64673 0.00498 -0.03256 0.99946 0.11278
307 0.90847 -0.41752 -0.01913 0.55371 0.41793 0.90800 0.02942 -10.69524 0.00509 -0.03472 0.99938 0.10742
308 0.90661 -0.42153 -0.01921 0.57063 0.42194 0.90615 0.02949 -10.73363 0.00498 -0.03485 0.99938 0.12322
309 0.90429 -0.42646 -0.01969 0.58040 0.42690 0.90367 0.03365 -10.76071 0.00345 -0.03883 0.99924 0.11071
310 0.90213 -0.43108 -0.01806 0.60709 0.43146 0.90146 0.03469 -10.78412 0.00133 -0.03908 0.99924 0.11880
311 0.90044 -0.43465 -0.01733 0.60693 0.43499 0.89972 0.03577 -10.83383 0.00005 -0.03975 0.99921 0.10606
312 0.89847 -0.43874 -0.01591 0.62184 0.43903 0.89777 0.03557 -10.86018 -0.00132 -0.03894 0.99924 0.11457
313 0.89646 -0.44284 -0.01590 0.65546 0.44312 0.89569 0.03708 -10.90274 -0.00218 -0.04028 0.99919 0.12091
314 0.89397 -0.44775 -0.01827 0.66509 0.44812 0.89313 0.03881 -10.93636 -0.00106 -0.04288 0.99908 0.12993
315 0.89192 -0.45172 -0.02066 0.68286 0.45219 0.89103 0.03984 -10.99042 0.00042 -0.04488 0.99899 0.12383
316 0.88677 -0.46172 -0.02129 0.69973 0.46221 0.88590 0.03929 -11.01564 0.00072 -0.04468 0.99900 0.11795
317 0.87857 -0.47717 -0.02038 0.72422 0.47761 0.87775 0.03804 -11.03150 -0.00026 -0.04315 0.99907 0.12190
318 0.86813 -0.49602 -0.01775 0.74469 0.49633 0.86731 0.03788 -11.05925 -0.00339 -0.04169 0.99912 0.11727
319 0.85673 -0.51553 -0.01574 0.75773 0.51572 0.85586 0.03920 -11.10964 -0.00674 -0.04170 0.99911 0.12543
320 0.84506 -0.53438 -0.01778 0.78110 0.53465 0.84419 0.03856 -11.11919 -0.00560 -0.04209 0.99910 0.13113
321 0.83438 -0.55081 -0.02047 0.80945 0.55118 0.83350 0.03845 -11.16049 -0.00412 -0.04337 0.99905 0.12945
322 0.82182 -0.56931 -0.02239 0.83088 0.56973 0.82088 0.03955 -11.16694 -0.00414 -0.04526 0.99897 0.13213
323 0.80534 -0.59236 -0.02307 0.85515 0.59279 0.80436 0.04002 -11.14944 -0.00515 -0.04591 0.99893 0.13364
324 0.79950 -0.60021 -0.02361 0.87201 0.60064 0.79844 0.04162 -11.24294 -0.00613 -0.04746 0.99885 0.12757
325 0.79724 -0.60320 -0.02366 0.88239 0.60363 0.79620 0.04119 -11.29819 -0.00601 -0.04712 0.99887 0.12089
326 0.79606 -0.60477 -0.02338 0.91751 0.60520 0.79514 0.03865 -11.31746 -0.00478 -0.04491 0.99898 0.13731
327 0.79206 -0.61002 -0.02279 0.93913 0.61044 0.79127 0.03554 -11.33270 -0.00364 -0.04207 0.99911 0.13860
328 0.78846 -0.61464 -0.02353 0.96121 0.61508 0.78772 0.03423 -11.36678 -0.00250 -0.04146 0.99914 0.14574
329 0.78483 -0.61926 -0.02362 0.98001 0.61971 0.78408 0.03439 -11.42713 -0.00278 -0.04163 0.99913 0.14441
330 0.77820 -0.62769 -0.02039 1.00897 0.62799 0.77746 0.03435 -11.44109 -0.00571 -0.03954 0.99920 0.12715
331 0.76660 -0.64185 -0.01857 1.03200 0.64207 0.76585 0.03494 -11.45990 -0.00820 -0.03871 0.99922 0.13501
332 0.75328 -0.65749 -0.01686 1.06753 0.65761 0.75250 0.03595 -11.46675 -0.01095 -0.03817 0.99921 0.14004
333 0.73954 -0.67286 -0.01834 1.10571 0.67301 0.73869 0.03749 -11.50109 -0.01168 -0.04007 0.99913 0.14843
334 0.72365 -0.68997 -0.01661 1.09266 0.69002 0.72279 0.03799 -11.51294 -0.01421 -0.03895 0.99914 0.14050
335 0.71417 -0.69975 -0.01760 1.11622 0.69983 0.71329 0.03821 -11.54609 -0.01419 -0.03960 0.99911 0.14356
336 0.71015 -0.70368 -0.02270 1.18010 0.70398 0.70927 0.03677 -11.58560 -0.00978 -0.04209 0.99907 0.16962
337 0.70741 -0.70615 -0.03039 1.19084 0.70676 0.70623 0.04167 -11.62795 -0.00797 -0.05096 0.99867 0.16603
338 0.70820 -0.70533 -0.03102 1.19937 0.70595 0.70688 0.04427 -11.63522 -0.00929 -0.05325 0.99854 0.13180
339 0.70654 -0.70692 -0.03269 1.24655 0.70768 0.70572 0.03404 -11.67297 -0.00099 -0.04718 0.99889 0.16247
340 0.70172 -0.71155 -0.03598 1.25954 0.71245 0.70071 0.03766 -11.69880 -0.00158 -0.05206 0.99864 0.14966
341 0.70446 -0.70882 -0.03633 1.30558 0.70975 0.70358 0.03518 -11.74216 0.00063 -0.05057 0.99872 0.16294
342 0.70186 -0.71142 -0.03556 1.29910 0.71231 0.70084 0.03804 -11.76364 -0.00215 -0.05203 0.99864 0.16059
343 0.70241 -0.71072 -0.03855 1.35468 0.71177 0.70153 0.03536 -11.79091 0.00192 -0.05228 0.99863 0.20967
344 0.70046 -0.71284 -0.03473 1.38011 0.71363 0.69897 0.04652 -11.80348 -0.00889 -0.05737 0.99831 0.16894
345 0.69747 -0.71574 -0.03542 1.40733 0.71654 0.69583 0.04888 -11.85894 -0.01034 -0.05947 0.99818 0.16093
346 0.69227 -0.72082 -0.03440 1.42792 0.72148 0.69035 0.05367 -11.88216 -0.01494 -0.06197 0.99797 0.14021
347 0.67939 -0.73282 -0.03746 1.46464 0.73366 0.67751 0.05215 -11.87778 -0.01284 -0.06292 0.99794 0.15781
348 0.66051 -0.74986 -0.03784 1.49153 0.75069 0.65866 0.05122 -11.88551 -0.01348 -0.06224 0.99797 0.15435
349 0.63873 -0.76851 -0.03767 1.51647 0.76931 0.63700 0.04895 -11.94555 -0.01362 -0.06025 0.99809 0.14532
350 0.61823 -0.78508 -0.03793 1.51659 0.78595 0.61695 0.04082 -11.94853 -0.00865 -0.05504 0.99845 0.15841
351 0.59803 -0.80054 -0.03856 1.56521 0.80145 0.59702 0.03521 -11.97188 -0.00517 -0.05196 0.99864 0.16877
352 0.57343 -0.81848 -0.03569 1.57770 0.81923 0.57254 0.03265 -11.97554 -0.00629 -0.04796 0.99883 0.16433
353 0.55657 -0.82998 -0.03699 1.65687 0.83078 0.55569 0.03179 -12.00139 -0.00583 -0.04843 0.99881 0.17183
354 0.53725 -0.84262 -0.03682 1.66573 0.84338 0.53629 0.03319 -12.02904 -0.00822 -0.04889 0.99877 0.16921
355 0.51909 -0.85393 -0.03671 1.69595 0.85470 0.51832 0.02884 -12.05844 -0.00560 -0.04634 0.99891 0.17637
356 0.50118 -0.86460 -0.03582 1.71400 0.86532 0.50041 0.02865 -12.06531 -0.00685 -0.04535 0.99895 0.17184
357 0.48371 -0.87468 -0.03100 1.74034 0.87518 0.48301 0.02744 -12.06994 -0.00902 -0.04040 0.99914 0.15924
358 0.46690 -0.88407 -0.02056 1.78769 0.88408 0.46612 0.03374 -12.09776 -0.02025 -0.03393 0.99922 0.15726
359 0.45088 -0.89235 -0.02036 1.83447 0.89242 0.45025 0.02930 -12.10712 -0.01697 -0.03138 0.99936 0.19808
360 0.43275 -0.90121 -0.02354 1.88991 0.90136 0.43204 0.03004 -12.13463 -0.01690 -0.03422 0.99927 0.18260
361 0.41382 -0.91011 -0.02121 1.91241 0.91019 0.41318 0.02888 -12.13824 -0.01752 -0.03125 0.99936 0.18046
362 0.39612 -0.91795 -0.02138 1.93427 0.91801 0.39546 0.02951 -12.16432 -0.01863 -0.03131 0.99934 0.17291
363 0.38207 -0.92391 -0.02041 1.97526 0.92399 0.38153 0.02593 -12.17980 -0.01617 -0.02877 0.99946 0.17779
364 0.36546 -0.93063 -0.01923 2.02932 0.93069 0.36497 0.02478 -12.18938 -0.01604 -0.02696 0.99951 0.18955
365 0.34257 -0.93932 -0.01779 2.02968 0.93928 0.34204 0.02752 -12.19069 -0.01976 -0.02614 0.99946 0.17567
366 0.32198 -0.94652 -0.02065 2.06029 0.94665 0.32157 0.02104 -12.20903 -0.01327 -0.02632 0.99957 0.20450
367 0.30288 -0.95279 -0.02120 2.08898 0.95288 0.30237 0.02438 -12.22024 -0.01682 -0.02759 0.99948 0.18761
368 0.28980 -0.95683 -0.02194 2.14335 0.95673 0.28899 0.03392 -12.23528 -0.02611 -0.03082 0.99918 0.17389
369 0.28607 -0.95795 -0.02244 2.18803 0.95810 0.28561 0.02179 -12.25185 -0.01447 -0.02774 0.99951 0.19754
370 0.28769 -0.95755 -0.01832 2.24061 0.95762 0.28734 0.01990 -12.26043 -0.01379 -0.02327 0.99963 0.18493
371 0.28399 -0.95865 -0.01841 2.24496 0.95873 0.28364 0.01969 -12.27242 -0.01366 -0.02324 0.99964 0.18841
372 0.28734 -0.95765 -0.01844 2.31353 0.95772 0.28697 0.02042 -12.29802 -0.01426 -0.02352 0.99962 0.18296
373 0.28253 -0.95913 -0.01591 2.30824 0.95907 0.28209 0.02483 -12.29183 -0.01933 -0.02227 0.99956 0.17385
374 0.28116 -0.95954 -0.01539 2.38400 0.95951 0.28079 0.02251 -12.31100 -0.01728 -0.02110 0.99963 0.19268
375 0.27976 -0.95996 -0.01480 2.41439 0.95990 0.27939 0.02294 -12.31576 -0.01789 -0.02062 0.99963 0.19778
376 0.27969 -0.95994 -0.01690 2.46112 0.95997 0.27933 0.02104 -12.32125 -0.01548 -0.02211 0.99964 0.19150
377 0.27777 -0.96052 -0.01543 2.48553 0.96052 0.27744 0.02051 -12.35195 -0.01542 -0.02052 0.99967 0.19390
